id,driver,trip,driver_trip,duration,avg_speed,avg_acc,avg_corrected_speed,avg_corrected_acc,avg_angle_change,avg_distance,total_distance,fastest_speed,longest_distance,max_angle_change,times_speed_up,times_speed_down,per_speed_up,per_speed_down,var_corrected_instant_speed,var_corrected_instant_acc,highway,num_of_acc_4,hard_acc2,hard_brak2,angle1,angle2,angle3,angle4,angle5,angle6,angle7,angle8,angle9,angle10,speed1,speed2,speed3,speed4,speed5,speed6,speed7,speed8,speed9,speed10,speed_fill,acc_fill,per_of_speed_15,per_of_speed_11_15,per_of_speed_7_11,per_of_speed_5_7,per_of_speed_5,min_var,max_var,time_of_turning,avg_speed_turning,avg_speed_excluding_stop,10s_constant,10s_acceleration,10s_deceleration,time_taken_stop,max_dec,num_stop,avg_num_period,min_period,max_period,var_min_p,var_max_p,sd_distance,avg_dist_traveled,var_dur_stop,std_dur_stop,pro_acc_below1,pro_dec_below1,num_of_acc_3,num_of_acc_35,hard_acc15,hard_brak15,hard_acc25,hard_brak25
98601,1481,1,1481_1,501,8.46209,0.0,8.46209,0.0,11.175,8.46209,4239.50916,21.90091,21.90091,180.0,14,12,2.794,2.395,47.616096575168839,0.78615510524110965,0,2,1.397,1.397,101.30993247404277,104.03624346791499,104.03624346791499,104.03624346794372,119.74488129694826,120.96375653208884,135.00000000000651,161.56505117708451,169.69515353123791,180.0,0.3605551275463863,0.4123105625617219,0.4123105625617219,0.14142135623726126,0.10000000000013642,0.5830951894846237,0.3162277660170177,0.1000000000003638,0.44721359549985623,0.09999999999990905,8.55656,0.00029,0.0,27.273,36.364,9.091,27.273,0.01573,56.24073,13,3.807,12.02265,17.963999999999999,43.512999999999998,38.523000000000003,19.67,-0.35285954792088897,8,42.5,9,79,2.171739028661781,9.7225992602091189,346.09816093293836,520.57418485322387,257.9375,16.060432746349022,40.34582,31.4121,2,2,2.794,3.593,0.399,0.798
98602,1481,10,1481_10,484,8.58466,0.0,8.58466,0.0,14.214,8.58466,4154.9755,18.64537,18.64537,180.0,14,8,2.893,1.653,42.206689093346156,0.58517776773643837,0,0,0.0,0.62,104.03624346791115,108.43494882289595,108.43494882292201,115.85773180852379,116.56505117707799,133.49256424125571,135.00000000006514,161.56505117709096,171.86989764584047,180.0,0.09999999999990905,0.31622776601698177,0.14142135623718088,1.3892443989448462,1.3038404810407391,0.5830951894846237,0.14142135623734164,0.09999999999990905,0.49999999999968164,0.14142135623726126,8.75286,0.00035,10.0,30.0,40.0,0.0,20.0,2.79542,53.32903,11,3.507,12.20699,22.727,43.594999999999999,33.677999999999997,21.0,-0.18741430808372334,4,83.0,30,190,16.959039460854047,10.187184345969525,930.43197061509693,1024.124636814608,274.63999999999999,16.572265988693278,44.64286,35.41667,0,0,2.066,1.86,0.0,0.413
98603,1481,100,1481_100,1258,13.32095,0.0,13.32095,0.0,3.897,13.32095,16757.75931,43.30012,43.30012,180.0,19,16,1.51,1.272,56.004523145205994,1.5165644461113388,0,1,9.141,9.062,86.633539336555842,90.0,90.000000000000142,93.36646066350167,99.162347045729788,100.61965527615556,101.30993247401956,115.01689347810014,172.8749836510982,179.99999852122065,0.14142135623782398,1.1313708498984922,0.1414213562373093,1.2041594578798338,0.14142135623732158,2.3021728866442692,0.14142135623730806,1.1704699910719623,1.1313708498984762,1.1401754251007334,13.42743,0.0,44.444,18.519,18.519,11.111,7.407,0.2326,30.68525,18,4.98,15.11567,7.1539999999999999,49.841000000000001,43.005000000000003,24.0,-0.48448570238476724,6,182.5,20,623,3.0929116194251436,20.771957222259093,4213.0981677609971,2782.6649812815517,349.88888888888891,18.705317128797599,34.62929,31.19349,1,1,12.48,12.242,2.305,1.987
98604,1481,101,1481_101,284,8.22203,0.00398,8.22203,0.00398,16.86,8.22203,2335.05577,36.62308,36.62308,172.875,3,4,1.056,1.408,35.262949199012674,12.304869376927162,0,11,13.028,14.437,90.000000000008143,90.000000000008143,90.794291337278679,94.398705354965657,94.398705355027317,95.262395399569641,101.30993247404527,108.43494882293992,112.09243316521945,131.74190828390988,1.1313708498985726,1.1313708498985726,17.253405460951754,1.1661903789690133,1.1661903789691304,3.4132096331750623,0.22360679774997896,1.1313708498985726,2.751363298439535,9.291393867445292,8.30322,0.00109,0.0,33.333,33.333,16.667,16.667,0.69691,33.99363,13,6.253,10.60696,0.0,48.238999999999997,51.761000000000003,12.0,-0.5853506689596563,2,104.0,89,119,23.080669776845756,10.627701719947888,34.800956826643187,1140.9214231158346,36.1875,6.0156047077579826,25.80645,22.58065,14,12,19.366,20.423,9.507,10.563
98605,1481,102,1481_102,560,9.28903,0.00025,9.28903,0.00025,12.458,9.28903,5201.85491,18.51729,18.51729,180.0,15,17,2.679,3.036,39.904502124781679,0.89115849693539018,0,0,3.75,5.179,120.96375653207359,127.87498365109862,135.00000000006517,153.43494882292202,166.2005146039821,167.86867893336782,171.86989764586616,179.99999879258175,180.0,180.0,0.10000000000000142,1.118033988749895,0.10000000000013642,0.09999999999990905,1.1401754250990384,1.063014581273473,0.28284271247452253,1.029563014098705,0.10000000000000142,0.10000000000000142,9.42443,0.0003,25.0,25.0,8.333,25.0,16.667,0.80673,26.73224,14,5.03,11.62346,5.3570000000000002,49.643000000000001,45.0,11.67,-0.4175482757970095,7,60.0,9,204,0.57868556444068531,14.657945680268547,903.49749164200546,728.67719117713591,310.40816326530609,17.618404106652399,38.23529,30.76923,3,1,8.036,8.75,1.607,2.321
98606,1481,103,1481_103,409,17.81859,0.01688,17.81859,0.01688,5.212,17.81859,7287.80218,26.40701,26.40701,90.0,10,6,2.445,1.467,43.620320431196262,1.3173227660901305,1,1,5.868,5.623,26.23178973758797,28.065989062868567,28.610459665962296,47.086749045109592,47.726310993905379,62.354024636263524,65.556045219582799,65.556045219582799,65.556045219583922,69.86488132351171,10.072239075796606,12.813274366842979,1.2529964086140932,15.907859692616993,0.5,0.7999999999999545,1.2083045973594262,1.2083045973594262,1.208304597359478,5.5009090157900165,17.99929,0.03479,66.667,22.222,11.111,0.0,0.0,0.2864,52.45034,9,12.418,18.2778,4.8899999999999997,49.878,45.231999999999999,0.0,0,1,90.0,90,90,36.121684265530838,36.121684265530838,0.0,1195.7726194595693,0.25,0.5,36.68342,34.42211,3,1,9.535,9.046,3.423,3.912
98607,1481,104,1481_104,392,10.28998,0.0,10.28998,0.0,7.84,10.28998,4033.67074,19.10236,19.10236,180.0,9,10,2.296,2.551,43.47985531481828,1.2381364997836379,0,2,5.102,4.847,84.805571092245984,84.805571092270526,90.0,90.0,90.0,102.92213640108834,109.98310652189892,111.80140948638685,180.0,180.0,1.1045361017186686,1.1045361017188537,1.1000000000000227,1.1000000000000227,1.1000000000000227,2.0248456731316975,1.170469991071956,1.2041594578793051,0.10000000000013642,0.10000000000013642,10.42846,9e-05,25.0,50.0,0.0,0.0,25.0,0.46882,46.36736,12,5.766,13.40371,12.755000000000001,47.448999999999998,39.795999999999999,12.0,-1.2183433869119882,3,98.666666666666671,27,204,24.17451780056744,14.642190194806536,1032.3393369598477,1335.1815071531053,418.66666666666669,20.461345670963741,40.13378,32.44147,2,2,7.398,8.673,2.296,1.786
98608,1481,105,1481_105,234,5.03192,0.0,5.03192,0.0,10.556,5.03192,1177.46959,11.5434,11.5434,153.435,7,8,2.991,3.419,11.224853227889355,0.89563531386556616,0,1,6.838,4.274,45.0,45.0,56.30993247401949,65.282559088917083,67.890551656248476,68.198590513646181,78.690067525979373,81.869897645844517,86.633539336569427,97.1250163489009,0.10000000000000853,0.10000000000000853,1.0816653826391787,1.923538406167128,0.10000000000000142,1.2041594578792225,1.0816653826391984,1.4142135623730991,0.14142135623730145,0.4472135954999707,5.14395,-0.0,0.0,0.0,20.0,40.0,40.0,1.99136,14.97824,8,4.538,6.35032,8.5470000000000006,49.573,41.880000000000003,35.0,-0.1336403858339188,5,35.200000000000003,23,73,4.4462759163845149,3.096679378481253,153.67845091540491,231.03115395435424,80.666666666666671,8.981462390204987,34.42623,32.78689,1,1,8.12,6.838,2.137,1.709
98609,1481,106,1481_106,1175,7.79795,0.0,7.79795,0.0,18.799,7.79795,9162.58544,21.38457,21.38457,180.0,22,17,1.872,1.447,41.157474242060275,1.3386989620843344,0,3,6.468,6.723,180.0,180.0,180.0,180.0,180.0,180.0,180.0,180.0,180.0,180.0,0.09999999999990905,0.09999999999990905,0.09999999999990905,0.09999999999990905,0.09999999999990905,0.09999999999990905,0.09999999999990905,0.09999999999990905,0.09999999999990905,0.09999999999990905,7.79742,0.00012,15.385,19.231,15.385,23.077,26.923,0.15618,45.72015,22,3.695,11.49676,11.064,46.552999999999997,42.383000000000003,10.0,-0.3790517935952444,14,54.571428571428569,6,171,2.2728390353618271,12.998287850069168,708.54087184627667,638.18244314234221,864.2399999999999,29.397959112836386,35.68678,32.09243,7,4,10.383,11.915,2.383,2.894
98610,1481,107,1481_107,910,1.6398,0.0004,1.6398,0.0004,7.445,1.6398,1492.21366,14.3628,14.3628,180.0,12,12,1.319,1.319,10.158873808928748,0.32113190657967944,0,1,0.44,0.44,108.43494882292852,116.56505117705845,116.56505117705845,116.56505117707799,123.69006752599357,141.34019174591148,143.13010235415339,153.43494882292202,156.80140948635463,180.0,0.10000000000002274,0.2999999999999545,0.2999999999999545,0.2236067977500298,0.509901951359283,0.10000000000000853,0.39999999999997726,0.4472135955000596,0.19999999999998863,0.29999999999999716,1.63722,1e-05,0.0,0.0,5.0,10.0,85.0,0.00204,24.98685,28,1.312,6.63447,67.033000000000001,18.352,14.615,14.5,-0.34017191808825825,10,20.800000000000001,7,59,0.24181775713996784,14.222517113111165,144.32052964536518,140.15088226191546,34035.4375,184.48695753358825,41.50943,28.77358,1,1,0.989,1.319,0.22,0.11
98611,1481,108,1481_108,380,5.94633,0.0,5.94633,0.0,11.988,5.94633,2259.60679,15.20526,15.20526,156.801,8,12,2.105,3.158,21.083247723158788,0.56419186731367899,0,1,1.053,0.789,90.0,90.0,95.440332030979093,104.03624346792168,109.23067237565711,129.8055710922655,135.00000000001629,152.59242456218465,153.43494882292202,153.43494882294155,0.10000000000002274,0.10000000000002274,0.22360679774982645,0.4123105625617633,1.104536101718693,0.5,0.5656854249492059,0.6082762530298458,0.2236067977500298,0.10000000000002274,6.04324,0.00025,0.0,12.5,37.5,25.0,25.0,0.09686,22.99176,10,3.65,7.96278,21.053000000000001,38.947000000000003,40.0,19.0,-0.27317133753986,6,44.0,12,122,0.52460792887384822,12.464368426177218,354.18166470447198,366.82566200986662,1219.5555555555554,34.92213560989012,40.86022,40.50179,1,1,1.842,3.421,0.526,0.526
98612,1481,109,1481_109,923,12.30405,0.00011,12.30405,0.00011,9.293,12.30405,11356.63362,24.97359,24.97359,180.0,17,14,1.842,1.517,55.879607701468871,0.65080348185405856,0,1,2.059,3.792,100.3048464687577,100.30484646880356,104.03624346778088,104.03624346778088,105.25511870304274,153.43494882289599,161.56505117707798,161.56505117710401,175.23635830915163,175.60129464496146,0.1999999999998181,0.2000000000007276,1.1661903789692474,1.1661903789692474,1.1401754250991978,0.3162277660166222,0.09999999999990905,0.6324555320339635,0.2236067977489621,0.31622776601626273,12.42934,0.00023,40.0,25.0,15.0,10.0,10.0,0.17336,64.76685,20,4.487,15.37123,5.4169999999999998,49.945999999999998,44.637,25.0,-0.35527864044973667,9,80.888888888888886,5,263,0.007156671948737074,15.611428945933785,1459.0438667723299,1250.6967387324435,78.925619834710744,8.8840092207691193,43.24693,38.74488,4,1,5.634,6.717,0.867,0.867
98613,1481,11,1481_11,1378,12.09692,0.0,12.09692,0.0,10.232,12.09692,16669.55048,24.25077,24.25077,180.0,20,23,1.451,1.669,48.856215790001684,0.88167762959043472,0,2,4.862,5.588,176.45523354439479,179.99999879258175,180.0,180.0,180.0,180.0,180.0,180.0,180.0,180.0,1.0198039027186105,1.1045361017187405,0.6000000000003638,0.6000000000003638,0.6000000000003638,0.6000000000003638,0.6000000000003638,0.6000000000003638,0.6000000000003638,0.6000000000003638,12.15648,0.00012,43.333,20.0,20.0,3.333,13.333,0.22528,52.08223,26,5.213,14.42965,7.9829999999999997,45.936,46.081000000000003,20.0,-0.5404871200313,8,141.125,41,328,16.216620964954718,25.121877229628481,1688.2056298090133,2066.835248747579,545.55555555555554,23.357130721806467,36.23693,39.45993,5,4,8.636,10.16,2.54,2.903
98614,1481,110,1481_110,1093,10.87419,0.00029,10.87419,0.00029,11.297,10.87419,11885.48431,21.35158,21.35158,180.0,18,23,1.647,2.104,37.601732565949717,0.81862418209936327,0,3,3.843,3.202,125.89266568774346,126.8698976458336,135.00000000000978,147.52880770915127,149.03624346791116,158.92250588302218,161.56505117707903,168.69006752597986,180.0,180.0,2.6019223662516877,1.0000000000000908,0.6324555320336039,0.6324555320336706,0.41231056256183224,1.2041594578794184,0.3162277660168368,0.5099019513592784,0.22360679774997896,0.22360679774997896,10.95002,0.00034,25.0,29.167,29.167,4.167,12.5,0.41744,52.63593,44,8.785,12.65399,11.894,44.555999999999997,43.549999999999997,8.75,-0.2387910634339842,10,91.099999999999994,9,273,1.0031490420475602,17.169220851223216,1305.8923828220577,1176.1526353116089,277.4320987654321,16.656293067949786,40.12876,37.44635,5,3,6.679,6.13,1.921,1.921
98615,1481,111,1481_111,520,6.02402,0.00232,6.02402,0.00232,20.553,6.02402,3132.48959,19.12119,19.12119,180.0,10,6,1.923,1.154,32.562221112861081,1.0086181037164001,0,0,5.962,7.885,145.25119875081825,149.71204700933612,149.74356283646904,155.55604521958347,179.99999914622637,179.99999914622637,180.0,180.0,180.0,180.0,1.2083045973593745,1.1180339887497932,1.1000000000000014,1.2000000000000002,1.204159457879229,1.204159457879229,0.09999999999999998,0.09999999999999998,0.09999999999999998,0.09999999999999998,6.13045,0.00145,0.0,18.182,36.364,9.091,36.364,0.17523,30.45042,17,3.423,10.04907,1.923,52.308,45.768999999999998,12.33,-0.7644816337318955,6,49.0,11,94,2.0340503060637856,7.674680356538234,384.45124107720494,502.31741904272212,732.20408163265324,27.059269791194538,32.22591,24.25249,3,0,11.923,15.0,2.5,1.731
98616,1481,112,1481_112,561,9.0187,0.0,9.0187,0.0,15.11,9.0187,5059.49204,21.27205,21.27205,180.0,12,16,2.139,2.852,43.255271077754799,1.1154495994554929,0,1,5.169,6.061,121.32869286780549,141.34019174591944,151.2707312155421,153.43494882292114,153.43494882292202,162.34987578006206,163.00917670801005,163.00917670801005,171.86989764585385,174.88958243894993,0.2236067977500298,0.09999999999990905,1.3152946437965525,1.0770329614269345,1.118033988749895,2.3086792761229487,1.0816653826394742,1.0816653826394742,0.6324555320336399,1.118033988749854,9.08723,0.00148,16.667,16.667,25.0,25.0,16.667,0.64317,49.5356,14,4.497,11.9718,1.7829999999999999,47.950000000000003,50.267000000000003,14.17,-0.32297416666702383,6,66.333333333333329,30,173,15.970697637883454,19.775882621482545,614.16860534392015,824.28432541580605,185.6875,13.626720074911644,31.80723,34.45783,4,2,8.378,8.734,2.852,3.209
98617,1481,113,1481_113,302,9.93091,0.00148,9.93091,0.00148,9.36,9.93091,2999.13466,19.25019,19.25019,148.465,7,8,2.318,2.649,42.855844771484961,1.591337459873547,0,1,1.325,0.993,81.869897645835891,90.0,96.340191745885079,100.30484646881489,101.30993247397325,101.30993247397325,108.43494882291388,108.43494882292364,126.86989764586031,141.34019174590952,0.14142135623724117,0.1000000000003638,0.14142135623724117,0.5000000000001137,0.3605551275461656,0.3605551275461656,0.4472135955000596,0.632455532033586,0.5000000000001137,0.6403124237432885,10.01636,0.00081,16.667,50.0,16.667,0.0,16.667,2.60638,46.65587,7,4.222,12.94215,29.800999999999998,35.098999999999997,35.098999999999997,9.0,-0.49393780158018114,2,114.5,66,163,10.860735911763314,14.168791518258844,414.42048300537726,1488.3471166113973,529.0,23.0,43.47826,38.26087,1,1,1.656,0.993,0.662,0.993
98618,1481,114,1481_114,339,11.31975,0.00066,11.31975,0.00066,10.004,11.31975,3837.39397,23.5017,23.5017,180.0,6,8,1.77,2.36,49.160189196014905,1.2969861781929279,0,2,5.605,6.785,70.559965171793749,73.739795291613007,81.869897645873195,85.601294644982246,85.601294645007542,85.815083874837498,100.00797980138321,100.00797980151349,104.03624346786518,108.43494882292201,0.31622776601698177,1.1180339887498134,0.31622776601698177,0.22360679774997896,0.09999999999990905,1.1401754250987393,0.14142135623734164,1.220655561573266,1.1661903789690133,0.14142135623718088,11.52888,0.00069,14.286,42.857,28.571,0.0,14.286,3.36593,28.48365,9,6.181,13.59019,0.0,49.853000000000002,50.146999999999998,21.0,-0.23295502034386661,3,92.666666666666671,18,132,6.0257532938445397,23.302963507339758,817.60639937115081,1271.9484383112256,0.0,0.0,35.23132,32.74021,3,2,10.914,10.619,2.95,2.36
98619,1481,115,1481_115,834,15.07662,0.0,15.07662,0.0,5.864,15.07662,12573.90415,24.44299,24.44299,180.0,9,14,1.079,1.679,74.032084884224801,1.1757632284649637,1,1,2.518,3.837,90.0,92.121096396668591,94.763641690744166,94.763641690744166,95.194428907657937,161.56505117697375,161.56505117707147,170.83765295424197,180.0,180.0,1.0999999999994543,1.2083045973597883,1.2041594578790784,1.2041594578790784,1.1045361017189566,0.31622776601626273,0.1999999999999318,1.3038404810398323,0.09999999999854481,0.09999999999854481,15.14491,0.00013,61.111,11.111,5.556,5.556,16.667,0.11469,58.23736,10,3.137,18.39875,20.384,42.085999999999999,37.530000000000001,16.0,-0.436152496371065,4,169.0,24,577,3.2653912225273714,17.201332832878403,4678.5088397713998,3130.808250668897,1232.6666666666667,35.109352979892222,43.31865,43.17181,1,1,5.995,6.954,0.959,1.559
98620,1481,116,1481_116,399,6.49697,-0.0,6.49697,-0.0,11.543,6.49697,2592.29047,16.76932,16.76932,180.0,8,7,2.005,1.754,29.880126032801506,1.0591812662773614,0,1,6.767,9.023,86.185925165751797,89.999999999999986,90.0,93.814074834248217,120.96375653206971,120.9637565320733,124.9920201985604,164.14545356762173,174.05313694602657,176.98721249581672,0.14142135623740196,1.0630145812734675,0.09999999999999432,1.0630145812735035,0.09999999999990905,1.2369316876852974,0.09999999999990905,2.2203603311174516,1.1704699910719623,0.2828427124746193,6.64201,0.0003,0.0,25.0,37.5,0.0,37.5,0.0772,25.4398,15,4.113,9.02416,7.5190000000000001,49.624000000000002,42.856999999999999,15.0,-0.8722105955661789,5,54.600000000000001,6,102,0.12315619797212363,13.808691999582765,430.68819010759307,509.95218148362238,1840.2222222222224,42.897811391983886,30.28169,28.87324,2,1,11.028,13.534,3.258,4.261
98621,1481,117,1481_117,196,1.97839,-0.0,1.97839,-0.0,19.058,1.97839,387.76356,8.77268,8.77268,180.0,3,4,1.531,2.041,7.2534908240694449,0.25799991025326718,0,0,0.0,0.51,116.56505117707839,116.56505117707839,116.56505117708328,120.96375653206586,120.9637565320721,139.39870535499486,153.43494882292529,171.02737338510178,171.0273733851042,180.0,0.22360679774997896,0.22360679774997896,0.6324555320336803,0.4123105625617564,0.19999999999998863,0.31622776601684693,0.09999999999999432,0.6324555320336893,0.6082762530298295,0.09999999999999964,2.08076,0.00084,0.0,0.0,0.0,0.0,100.0,0.12218,9.14854,8,1.788,5.06434,40.816000000000003,31.632999999999999,27.550999999999998,6.0,-0.25731983934024166,2,30.5,7,54,0.096025127465572041,4.4204010887900633,148.84704571886874,165.15179253549204,351.1875,18.73999733191016,47.82609,37.68116,0,0,0.51,1.531,0.0,0.0
98622,1481,118,1481_118,337,9.28355,0.0,9.28355,0.0,9.057,9.28355,3128.55668,29.12542,29.12542,180.0,4,8,1.187,2.374,45.164227236273334,5.8805486305372554,0,5,10.682,8.605,69.443954780402038,69.443954780410166,86.185925165699842,86.633539336550257,86.633539336550257,86.633539336570024,93.814074834256132,103.57575634529945,115.67996758101519,180.0,0.28284271247460296,0.5656854249492863,0.14142135623718088,1.2041594578793493,1.2041594578793493,1.7029386365924581,0.14142135623724117,10.88485185935023,10.88485185935023,0.10000000000013642,9.32952,0.00018,14.286,28.571,28.571,14.286,14.286,0.61107,43.41015,11,4.35,12.264,8.9019999999999992,44.509999999999998,46.588000000000001,22.5,-0.47541058288099713,4,62.25,22,141,9.6322410487990577,20.765854362473412,686.07152885367577,775.42704034654525,440.66666666666669,20.992061991778385,29.24901,27.27273,7,6,14.54,12.76,7.418,5.638
98623,1481,119,1481_119,320,9.57273,0.00198,9.57273,0.00198,9.23,9.57273,3063.27404,20.63904,20.63904,180.0,7,8,2.188,2.5,46.942563745157038,1.5835026465670528,0,1,0.938,2.813,74.744881296937734,82.874983651062138,90.0,90.0,98.130102354123423,104.0362434679265,108.43494882292201,119.67308211208825,127.30394827798304,153.43494882292367,0.1999999999999318,0.22360679774997896,0.3000000000000682,0.3000000000000682,0.6324555320336039,0.4123105625617426,0.10000000000002274,0.9848857801797305,0.6403124237432885,0.4472135954999579,9.67029,0.00028,14.286,14.286,42.857,14.286,14.286,0.09337,41.86772,7,4.352,12.82805,25.0,38.75,36.25,8.0,-0.7026889788913829,4,58.25,22,94,18.067501064007661,18.456333721247791,357.77239054148845,756.04006034782219,284.66666666666669,16.872067646458351,39.83051,32.62712,2,2,3.438,4.063,0.625,0.625
98624,1481,12,1481_12,407,5.13525,0.00025,5.13525,0.00025,16.271,5.13525,2090.04549,16.15549,16.15549,180.0,5,7,1.229,1.72,16.861425907359386,1.1115799798329402,0,1,6.88,9.091,105.25511870305566,109.98310652190027,131.11209043916674,144.7617747750426,145.25119875081501,165.96375653207548,180.0,180.0,180.0,180.0,0.2999999999999545,2.340939982143925,1.208304597359452,1.1401754250991354,1.1180339887498973,0.41231056256179777,0.10000000000002274,0.10000000000002274,0.10000000000002274,0.10000000000002274,5.24103,0.00025,0.0,0.0,22.222,33.333,44.444,0.12905,20.57897,16,3.797,7.16637,2.4569999999999999,49.877000000000002,47.665999999999997,0.0,0,7,39.0,7,93,0.31855534899161669,9.183486825414402,271.76033629329544,287.71230294504136,652.56000000000006,25.545253962331241,28.97527,26.14841,3,2,12.285,15.233,4.177,3.686
98625,1481,120,1481_120,645,12.43243,0.0,12.43243,0.0,4.19,12.43243,8018.91453,26.06338,26.06338,63.052,2,9,0.31,1.395,38.390389768640368,1.1877542093274087,0,3,11.628,12.403,27.238333766369909,27.510143276781321,28.936006449024109,30.546076790407668,31.33021167280339,32.757668801116353,33.598361750543326,34.143586651937788,38.195258059543981,50.24713890161636,4.8020828814174985,2.1931712199461266,8.3216584885468,3.9293765408778762,7.3681748079154135,3.605551275464002,11.395174417269892,4.701063709417263,6.870953354520746,3.605551275463989,12.56612,5e-05,50.0,14.286,21.429,0.0,14.286,0.0905,24.16877,19,9.537,13.74305,6.202,45.890999999999998,47.906999999999996,0.0,0,1,582.0,582,582,24.311353775268834,24.311353775268834,0.0,8012.196928672297,0.0,0.0,29.15952,33.61921,8,3,15.194,14.574,5.426,5.426
98626,1481,121,1481_121,443,9.5345,0.00023,9.5345,0.00023,10.424,9.5345,4223.78419,22.77586,22.77586,180.0,13,7,2.935,1.58,45.151699907534017,0.88382611721058624,0,0,5.869,6.998,84.80557109226946,90.0,90.0,101.30993247402039,106.26020470831411,115.92130546290353,119.74488129693221,161.56505117706496,171.86989764584268,180.0,1.1045361017186273,1.2000000000000028,1.2000000000000028,0.5099019513592787,0.22360679774998213,1.3038404810407913,0.14142135623718088,0.2236067977498773,1.4142135623731915,1.2000000000000028,9.73748,2e-05,22.222,11.111,44.444,0.0,22.222,3.57204,46.58649,12,5.369,12.01423,9.0289999999999999,46.953000000000003,44.018000000000001,26.0,-0.6742410007379859,6,56.333333333333336,5,148,0.11173724540199939,17.492428693507225,802.70015019193306,693.98491807525261,358.47222222222217,18.9333626760336,34.48276,35.05747,2,0,9.481,9.932,2.709,2.032
98627,1481,122,1481_122,617,8.90285,0.0,8.90285,0.0,6.806,8.90285,5493.05612,18.66012,18.66012,180.0,12,10,1.945,1.621,38.323705001691145,0.79726632634748362,0,1,5.511,7.131,65.596028311147492,68.198590513655816,78.690067525979728,88.181697035548169,88.451842301022054,90.0,100.00797980144129,104.03624346790924,108.43494882285687,108.43494882292201,1.20415945787922,0.22360679774997896,1.0816653826391966,1.1704699910719625,0.316227766016838,0.09999999999999998,1.2206555615733703,1.1661903789690717,1.118033988749895,1.118033988749895,9.04361,0.00022,15.385,30.769,7.692,30.769,15.385,0.13335,28.35074,14,4.758,11.37963,9.7240000000000002,50.081000000000003,40.194000000000003,12.0,-0.6637333033853078,6,79.0,13,230,0.32068460562511242,12.780824581124877,1064.5392384360125,908.72722871443796,465.03999999999996,21.564786110694442,39.375,29.16667,2,1,6.969,8.914,2.431,2.755
98628,1481,123,1481_123,321,7.89485,0.00044,7.89485,0.00044,17.669,7.89485,2534.2484,17.00735,17.00735,180.0,6,5,1.869,1.558,29.635971198007713,1.0784291949706397,0,0,5.919,8.411,101.30993247399432,102.33908727832407,149.57421619804012,153.43494882292202,156.80140948635227,161.20011484134812,163.07248693585584,168.6900675259823,175.60129464500443,179.99999914622637,0.14142135623726126,0.8602325267042997,1.2529964086141976,0.09999999999999998,1.131370849898492,2.28473193175908,1.1661903789690717,0.36055512754635477,0.22360679774997902,0.22360679775008066,8.1417,0.00037,0.0,28.571,28.571,28.571,14.286,0.29151,28.5139,9,5.217,10.13689,3.1150000000000002,48.909999999999997,47.975000000000001,5.0,-0.42940942409520827,3,76.666666666666671,7,201,0.75575543453386707,11.731353787651189,1001.6302189535162,822.02559821853731,316.66666666666669,17.795130420052185,30.0813,33.33333,3,0,12.15,14.953,1.869,3.115
98629,1481,124,1481_124,1786,14.76223,0.0,14.76223,0.0,8.075,14.76223,26365.34555,42.29066,42.29066,180.0,35,39,1.96,2.184,67.502208325940515,1.5167547054851727,1,1,6.607,6.887,142.12501634891785,146.54669054592793,146.88865803961673,158.44292071494544,158.82426058306444,161.56505117655692,167.90524292301336,179.81027956917819,180.0,180.0,1.1401754251007334,1.3038404810405417,1.2041594578790502,1.216552506058687,1.0440306508918913,0.14142135623653776,1.4317821063271272,2.5079872407968895,0.0999999999994543,0.0999999999994543,14.84288,7e-05,51.282,20.513,15.385,5.128,7.692,0.92252,71.86495,52,10.226,17.08347,2.7999999999999998,50.728000000000002,46.472999999999999,9.4,-0.3641186863347466,14,108.0,20,255,8.841337929210658,20.926679751072221,1536.1362693246772,1871.6133117450049,186.88888888888886,13.670731102939918,34.70052,32.16146,6,1,10.918,11.926,2.8,2.072
98630,1481,125,1481_125,320,11.03394,0.00094,11.03394,0.00094,17.606,11.03394,3530.86089,24.89177,24.89177,180.0,6,4,1.875,1.25,34.6365994479875,3.9705582067136183,0,8,10.938,9.375,154.65382405805332,158.83874018317175,160.33911179265473,161.56505117707474,164.7448812969422,165.96375653207352,175.23635830925969,175.23635830929877,179.99999879258175,179.99999914622637,6.489992295835181,23.269078194032524,7.360027173862881,0.22360679774980102,2.213594362117866,0.3000000000001819,0.5385164807134462,0.22360679775023318,2.213594362117866,1.341640786499823,11.23873,0.00235,14.286,42.857,28.571,0.0,14.286,0.27674,32.75744,9,7.549,13.0522,6.25,48.75,45.0,4.0,-1.6117127793433448,2,131.5,13,250,38.808610387540448,11.802259240527889,1624.2368903698155,1745.2109571961632,0.0,0.0,34.32836,30.22388,9,8,15.0,14.375,6.875,5.938
98631,1481,126,1481_126,451,9.06841,-0.0,9.06841,-0.0,10.907,9.06841,4089.85296,20.51828,20.51828,180.0,8,12,1.774,2.661,50.479636541821279,0.95700979290177368,0,0,2.882,6.208,101.30993247401354,104.03624346792074,106.58733855693019,116.56505117707799,116.56505117707799,120.96375653206971,120.96375653206971,120.96375653207448,127.87498365109722,142.12501634890182,1.0816653826388436,0.14142135623718088,1.1401754250992377,1.118033988749895,1.118033988749895,1.1661903789690133,1.1661903789690133,1.1661903789690717,0.09999999999990905,1.140175425099138,9.27073,0.00036,0.0,40.0,30.0,0.0,30.0,0.17387,82.88164,14,4.088,13.17454,6.6520000000000001,49.667000000000002,43.680999999999997,9.0,-0.6146102169292047,3,102.33333333333333,56,164,24.415223585408594,14.256742193100536,431.121973332099,1348.1947064200988,170.0,13.038404810405298,38.43648,35.50489,1,1,5.543,10.421,1.552,1.774
98632,1481,127,1481_127,536,5.9184,0.00119,5.9184,0.00119,13.513,5.9184,3172.26454,15.9176,15.9176,180.0,8,10,1.493,1.866,30.086412140580109,0.82319135957399936,0,0,6.157,6.903,90.0,93.366460663401725,93.814074834254328,93.814074834327528,98.426969021508484,105.06848815951378,131.63353933657288,153.43494882289596,158.79718135619135,180.0,0.10000000000002274,0.14142135623726126,0.14142135623726126,1.0630145812736318,0.22360679774997896,1.2041594578792671,0.09999999999990905,0.10000000000002274,1.063014581273311,0.14142135623718088,6.02464,0.0013,0.0,18.182,27.273,18.182,36.364,0.09673,38.38063,17,3.532,9.64597,7.4630000000000001,48.506999999999998,44.030000000000001,9.5,-0.3433720317162287,5,62.0,33,104,12.908376913052159,8.555957770824465,372.37594184923398,612.29322725302029,961.55102040816325,31.00888615233,30.9375,30.625,1,0,8.769,11.194,2.799,2.239
98633,1481,128,1481_128,271,3.2278,0.0,3.2278,0.0,6.778,3.2278,874.73481,14.73296,14.73296,180.0,6,3,2.214,1.107,14.429917751500994,0.59215991649948851,0,0,3.321,6.273,45.000000000000007,45.000000000000007,45.000000000000007,45.000000000000007,45.000000000000007,66.370622269343428,70.016893478100314,92.935673446419784,111.80140948635182,120.96375653207352,0.14142135623730964,0.14142135623730964,0.14142135623730964,0.14142135623730964,0.14142135623730964,3.492849839314608,0.10000000000000853,0.22360679774997896,0.09999999999999987,0.10000000000000009,3.33885,0.00044,0.0,0.0,16.667,0.0,83.333,0.03615,26.58131,9,3.194,6.81587,36.899999999999999,36.161999999999999,26.937000000000001,19.0,-0.28617490410855756,3,41.666666666666664,19,85,3.2482158381841462,3.3331431169759638,211.55670352894214,285.61162129117901,67.555555555555557,8.2192186706253025,37.30159,32.53968,1,0,4.797,7.011,1.476,2.214
98634,1481,129,1481_129,249,7.83018,0.00254,7.83018,0.00254,14.517,7.83018,1949.71534,15.80949,15.80949,166.759,5,7,2.008,2.811,28.719091844818806,1.0638503439198375,0,1,2.41,2.41,79.695153531219646,85.236358309304379,89.999999999967457,104.03624346791499,104.03624346794182,108.43494882292526,116.56505117708451,120.96375653208884,126.02737338509492,129.80557109226413,0.7071067811865797,0.5385164807134672,0.2828427124746833,0.4123105625617219,0.10000000000013642,0.6324555320337119,0.09999999999990905,0.5830951894846237,1.5652475842498528,0.10000000000013642,7.97859,0.00052,0.0,40.0,40.0,0.0,20.0,1.32748,8.48199,6,4.262,10.49343,16.064,41.767000000000003,42.168999999999997,0.0,0,2,89.0,5,173,1.2447205953020464,9.4651571858752437,932.90892328173572,955.97040599897332,0.0,0.0,40.98361,40.43716,1,1,4.819,5.622,2.008,2.008
98635,1481,13,1481_13,488,8.97307,0.00119,8.97307,0.00119,10.11,8.97307,4378.85599,29.1815,29.1815,180.0,14,10,2.869,2.049,39.982352946803317,1.7650045235344587,0,2,2.664,2.869,90.0,93.179830119861435,98.841814560180623,99.462322208015067,99.462322208029136,99.462322208029136,127.8749836511012,162.03086025983384,162.59729586865055,163.07248693584913,0.10000000000002274,1.8027756377319442,0.41231056256183224,0.6082762530299416,0.608276253029736,0.608276253029736,0.31622776601676605,0.9433981132056218,2.220360331117388,0.41231056256161164,9.06442,0.00202,10.0,30.0,40.0,0.0,20.0,1.04153,56.10312,13,4.119,11.88918,16.393000000000001,42.828000000000003,40.779000000000003,40.0,-0.4505690676038415,6,59.0,6,93,1.259873637475039,8.4795065266622132,333.7549873046363,714.84217541364114,200.85714285714286,14.172407800269609,39.77901,36.74033,2,2,5.123,4.713,1.639,1.23
98636,1481,130,1481_130,435,8.18191,0.0,8.18191,0.0,14.28,8.18191,3559.13187,19.40953,19.40953,180.0,8,9,1.839,2.069,43.856310291453745,2.2451384687566582,0,4,8.046,9.885,105.25511870304425,105.2551187030663,111.50143432404133,111.80140948634042,111.80140948635632,114.44395478041832,116.56505117710405,156.40867990540707,158.62937773065255,165.96375653208884,0.09999999999990905,0.09999999999990905,1.2165525060597335,1.2041594578790975,1.0770329614269345,0.20000000000027285,1.2000000000000455,1.43178210632781,1.1045361017186273,0.41231056256183224,8.24486,0.0006,0.0,22.222,44.444,0.0,33.333,0.52538,47.65496,10,4.035,11.79481,6.8970000000000002,48.276000000000003,44.828000000000003,12.33,-0.41729515032382897,6,47.833333333333336,10,94,0.42326971725588675,11.168955201779736,380.6383871156263,579.32764047923865,668.16000000000008,25.848791074245622,32.09459,26.35135,9,5,12.184,13.563,5.287,5.747
98637,1481,131,1481_131,716,18.83076,0.0015,18.83076,0.0015,6.865,18.83076,13482.82375,38.60777,38.60777,153.435,8,13,1.117,1.816,159.97202451546377,0.87227661125083944,1,0,8.659,9.916,90.0,90.0,90.0,90.000000000000114,90.000000000000128,90.000000000000242,104.74356283647072,110.55604521972089,116.56505117707799,116.56505117707799,1.118033988749895,1.118033988749895,1.118033988749895,1.1180339887498951,0.2236067977499799,0.14142135623731153,0.1414213562373093,1.2083045973597883,1.118033988749895,1.118033988749895,19.09146,0.00017,66.667,6.667,0.0,6.667,20.0,0.4671,14.60089,16,8.765,23.18801,4.1900000000000004,49.161999999999999,46.648000000000003,12.0,-0.46015218092829774,4,142.0,16,514,10.728737933340433,59.334975912120917,5647.8947508580386,3358.0912138394333,754.8888888888888,27.475241379993168,31.03448,33.27586,2,0,11.173,12.291,2.933,2.514
98638,1481,132,1481_132,207,5.1828,0.00242,5.1828,0.00242,25.302,5.1828,1072.8406,19.91231,19.91231,180.0,4,5,1.932,2.415,36.063848279301027,1.2489521637380376,0,0,7.246,8.213,120.96375653207448,123.69006752597728,124.99202019855821,133.95837332398841,138.36646066343073,153.43494882290898,161.56505117707596,161.56505117709105,165.74996730219922,171.86989764584825,1.1661903789690717,0.09999999999999432,0.0999999999999659,1.3341664064126897,1.2041594578791823,1.7999999999999545,1.118033988749895,0.22360679774992814,1.140175425099113,0.14142135623732158,5.42416,0.00276,0.0,0.0,50.0,25.0,25.0,4.30935,55.19915,6,3.231,9.38146,0.0,52.173999999999999,47.826000000000001,14.5,-0.8922484108756934,4,26.5,17,38,1.3933370459250252,27.608763107168532,198.49109539595526,252.84077074992089,443.1875,21.052018905558679,32.40741,25.92593,2,0,13.527,16.425,3.382,2.899
98639,1481,133,1481_133,662,9.55729,-0.0,9.55729,-0.0,7.366,9.55729,6326.92656,22.84754,22.84754,172.875,15,18,2.266,2.719,44.736015970907545,0.97088363055292837,0,2,5.74,5.287,70.01689347809824,74.291362170968071,74.931511840514759,76.293038995918593,79.501904724005286,83.453709216692729,108.43494882293014,115.01689347807381,134.99999999999727,161.56505117709753,0.09999999999999432,1.3038404810404862,1.2041594578793429,1.1704699910719627,4.561797891182736,0.5099019513593053,1.118033988749895,1.170469991071879,0.20000000000000284,0.10000000000002274,9.65807,0.00018,14.286,42.857,14.286,7.143,21.429,0.09181,53.08993,17,5.932,11.86116,7.5529999999999999,45.920999999999999,46.526000000000003,10.0,-0.9833231671669797,4,131.75,18,251,8.5981398725514335,30.361232843172534,1135.9104708237189,1573.9269607916685,1272.2222222222224,35.668224265054498,31.63842,37.09981,4,3,8.459,8.912,3.323,3.021
98640,1481,134,1481_134,373,11.27992,0.00296,11.27992,0.00296,12.527,11.27992,4207.41058,19.95846,19.95846,180.0,3,8,0.804,2.145,32.828446596443065,1.2878630300626697,0,3,8.579,8.043,95.19442890773054,100.11536132407737,100.30484646878064,104.03624346793414,105.2551187030648,118.07248693587594,131.91678999008775,143.84181456018061,154.23067237566516,180.0,1.1045361017186273,1.664331697709067,0.09999999999990905,1.2369316876853864,0.09999999999990905,0.41231056256188736,1.300000000000042,1.1661903789692474,1.1045361017186686,0.09999999999990905,11.49537,0.00187,37.5,25.0,25.0,0.0,12.5,1.16061,31.35837,4,4.593,12.30132,5.3620000000000001,45.576000000000001,49.061999999999998,0.0,0,2,159.5,9,310,0.5397249824478636,15.549520218782217,2046.2208959729865,2071.1376027461888,0.0,0.0,32.94118,36.17647,8,3,13.137,14.209,5.362,5.362
98641,1481,135,1481_135,1463,16.66448,0.0005,16.66448,0.0005,7.284,16.66448,24380.13014,31.53918,31.53918,180.0,11,20,0.752,1.367,90.061583932393106,1.5096159108364409,1,6,9.911,10.663,153.43494882318257,153.43494882318257,161.56505117671321,161.56505117718226,170.13419305697732,172.23483398167824,177.51044707832042,178.09084756725125,180.0,180.0,0.31622776601655034,0.31622776601655034,0.1000000000003638,0.22360679774997896,0.22360679775018233,0.4123105625610602,0.7280109889280768,0.7280109889280768,0.0999999999994543,0.0999999999994543,16.71347,0.0008,65.625,0.0,18.75,3.125,12.5,0.14872,45.35057,23,5.924,19.43411,3.4180000000000001,47.505000000000003,49.076999999999998,7.67,-0.33369548110771646,6,205.33333333333334,44,382,4.1605705005035771,35.965301683758284,3279.5294425784418,4042.9673134321388,628.22222222222217,25.064361596143282,30.24,31.84,10,6,15.584,16.815,5.195,4.785
98642,1481,136,1481_136,287,3.75931,0.00281,3.75931,0.00281,18.935,3.75931,1078.92262,19.26266,19.26266,177.274,4,6,1.394,2.091,10.780358646813136,1.3063456019180113,0,2,7.666,9.059,101.30993247402273,102.52880770915336,116.56505117707799,123.61530143595013,123.69006752597728,125.28674897505942,145.00797980144176,153.43494882291984,153.43494882292202,176.63353933656802,0.2236067977500298,1.1661903789690424,0.10000000000000142,2.731300056749519,1.0816653826392062,0.5830951894845359,0.0999999999999659,0.0999999999999659,0.4472135954999578,0.31622776601678404,3.87975,0.00096,0.0,0.0,16.667,16.667,66.667,1.03754,19.72911,11,3.625,5.17131,0.0,50.871000000000002,49.128999999999998,9.0,-0.3620310337466035,7,25.714285714285715,7,52,0.58356203669701989,1.3271871091170515,133.71621173149953,141.18398603592033,45.061224489795919,6.7127657854118459,29.29293,31.31313,5,2,10.801,14.286,4.53,5.923
98643,1481,137,1481_137,483,7.08528,0.00029,7.08528,0.00029,14.991,7.08528,3422.18995,25.12131,25.12131,180.0,10,7,2.07,1.449,51.821921477324466,1.558687124927451,0,3,6.832,7.246,106.26020470828982,123.69006752595975,133.37885408634685,134.99999999993486,153.4349488229611,169.01934998981872,180.0,180.0,180.0,180.0,0.22360679774994083,1.3999999999996362,1.1401754250992377,0.14142135623734164,0.31622776601698177,1.1704699910723355,0.3605551275462602,0.3605551275462602,0.3605551275462602,0.3605551275462602,7.13865,8e-05,10.0,20.0,30.0,10.0,30.0,0.09854,57.5179,15,2.978,11.71774,14.493,43.271000000000001,42.235999999999997,12.0,-1.3112835997172898,6,45.666666666666664,8,82,1.2154070407886972,21.297310496200801,332.91483874052375,556.06941558575807,4402.6875,66.352750508174111,27.62238,30.76923,4,3,10.145,11.387,4.348,3.52
98644,1481,138,1481_138,408,7.88534,0.0,7.88534,0.0,10.426,7.88534,3217.21986,18.66253,18.66253,180.0,8,10,1.961,2.451,38.711368935887592,0.60412323783985333,0,0,0.735,1.471,101.3099324740102,101.30993247401645,112.83365417791478,113.19859051364763,116.56505117709102,120.96375653201606,120.96375653205051,161.56505117705521,168.69006752596476,180.0,0.09999999999990905,0.5099019513592717,0.5000000000000455,0.7615773105864371,0.10000000000013642,0.41231056256161164,0.14142135623718088,0.10000000000002274,0.10000000000013642,0.09999999999990905,8.031,0.00019,0.0,44.444,11.111,11.111,33.333,0.01761,44.26032,9,3.77,11.13502,26.960999999999999,40.686,32.353000000000002,28.5,-0.5270501938455464,4,70.5,32,117,17.276380931820519,13.429064907078498,497.17155707178233,795.40193701709381,388.22222222222223,19.703355608175531,43.35664,33.21678,2,1,1.961,2.696,0.735,0.735
98645,1481,139,1481_139,724,3.05508,0.00927,3.05508,0.00927,16.466,3.05508,2211.87916,14.82734,14.82734,180.0,13,12,1.796,1.657,12.606890100127451,0.67495837827327609,0,2,3.315,5.663,106.69924423399422,115.01689347809999,119.74488129693619,149.03624346792643,161.5650511770784,180.0,180.0,180.0,180.0,180.0,1.0440306508910582,1.1704699910719623,1.1401754250991205,0.141421356237309,0.31622776601684915,0.20000000000000018,0.20000000000000018,0.20000000000000018,0.20000000000000018,0.20000000000000018,3.06666,0.00364,0.0,0.0,6.25,12.5,81.25,0.17343,16.36015,28,1.925,6.37356,15.193,45.027999999999999,39.779000000000003,8.0,-0.6614765108872941,9,34.444444444444443,7,103,0.46652462309342529,7.0340005245542709,230.05260730244615,225.94157962268986,901.79999999999995,30.029985014981275,33.02469,38.88889,3,2,6.077,10.359,1.519,1.519
98646,1481,14,1481_14,339,9.95589,0.0,9.95589,0.0,11.702,9.95589,3375.04641,23.50532,23.50532,180.0,5,8,1.475,2.36,45.557027184602738,1.8308596899908367,0,4,10.619,10.324,61.557071375638401,63.434948822948066,71.56505117707799,89.810279569174725,93.36646066342054,112.38013505195649,150.49927537650032,152.30052719194424,161.56505117709102,180.0,0.2236067977500298,0.22360679774997896,0.2828427124746833,2.220360331117453,1.20415945787922,1.2999999999998322,1.5811388300841556,2.4186773244895403,0.10000000000013642,0.10000000000013642,10.22546,0.00036,0.0,57.143,28.571,0.0,14.286,12.25891,56.07836,11,6.103,12.19098,5.9000000000000004,45.722999999999999,48.378,15.0,-1.1274491195857486,3,83.666666666666671,44,141,30.882275595707839,20.140121734771359,464.54935014578501,1100.2204562065676,441.0,21.0,26.90909,32.72727,6,4,14.749,14.159,5.9,4.72
98647,1481,140,1481_140,326,8.27013,0.00031,8.27013,0.00031,12.318,8.27013,2696.06256,22.68766,22.68766,180.0,7,8,2.147,2.454,56.822425183169791,1.0994846967814547,0,0,5.215,7.055,93.179830119871269,94.763641690741224,98.130102354162503,104.0362434679348,105.25511870304425,108.43494882294645,122.27564431458342,153.4349488229204,155.31282627020744,161.56505117708451,1.140175425099088,1.0770329614269345,0.3162277660170177,0.09999999999990905,0.09999999999990905,0.14142135623724117,2.2472205054245737,0.31622776601683567,1.2206555615733719,0.09999999999990905,8.52134,0.00073,28.571,0.0,14.286,28.571,28.571,0.53702,38.73431,12,4.128,11.94933,3.0670000000000002,50.0,46.933,20.0,-0.6671179653986739,4,52.75,19,121,6.2685582224156384,31.960075682051944,674.55349155212605,656.44661723532613,185.42857142857142,13.617215994048541,27.14932,32.1267,2,1,10.429,10.123,1.84,2.454
98648,1481,141,1481_141,746,11.91368,0.00042,11.91368,0.00042,8.733,11.91368,8887.60754,36.70872,36.70872,180.0,22,22,2.949,2.949,58.954706120546668,2.574712628021258,0,3,4.558,5.228,95.19442890775403,105.25511870306781,108.43494882292526,121.32869286779807,126.09233455852066,164.74488129697926,165.96375653204285,180.0,180.0,180.0,1.0,1.140175425099098,0.3000000000001819,0.1999999999998181,2.692582403567024,1.1401754250990783,0.0999999999994543,0.29999999999972715,0.29999999999972715,0.29999999999972715,11.94651,0.00067,31.25,25.0,31.25,0.0,12.5,3.36304,48.09097,16,6.142,13.55794,5.3620000000000001,48.659999999999997,45.978999999999999,16.0,-0.6731976675703019,7,90.571428571428569,43,222,17.000004001622184,35.532969719809216,1250.0843789588523,1260.2300159038091,308.1875,17.555269864060762,37.05972,36.44717,6,3,8.713,8.445,2.815,3.083
98649,1481,142,1481_142,413,10.01543,0.00024,10.01543,0.00024,9.746,10.01543,4136.37252,20.78702,20.78702,171.87,8,6,1.937,1.453,33.654845696978356,0.81152382481313323,0,3,3.874,4.843,77.905242922987512,90.0,116.56505117705194,116.56505117707799,153.43494882289596,153.43494882289596,161.5650511770796,161.56505117708286,161.56505117708613,164.78053516881792,1.4317821063276432,0.10000000000002274,0.22360679775023318,1.2000000000000455,0.22360679774982645,0.22360679774982645,0.19999999999998863,0.44721359549998335,0.14142135623732158,1.1704699910720149,10.19011,0.00061,22.222,11.111,44.444,11.111,11.111,1.88068,24.96227,11,4.874,11.67159,9.6850000000000005,43.584000000000003,46.731000000000002,29.0,-0.5637052521183348,4,86.75,39,225,9.1053836837435078,17.155700158397845,1085.1389702563338,1025.4954555540392,213.55555555555554,14.613540144521982,36.07955,38.35227,3,3,6.78,7.506,2.421,2.179
98650,1481,143,1481_143,277,8.58455,0.00184,8.58455,0.00184,25.73,8.58455,2377.91955,31.92883,31.92883,180.0,5,6,1.805,2.166,46.181579648256516,6.8571083631057315,0,7,5.054,2.888,160.34617594194341,160.55996517183084,161.56505117709102,161.56505117709753,165.96375653205436,167.47119229085928,168.6900675259898,168.6900675259898,171.86989764585056,180.0,0.509901951359283,0.8062257748297985,0.1999999999999318,0.10000000000002274,0.10000000000002274,0.22360679774997896,0.10000000000002274,0.10000000000002274,0.31622776601687386,0.14142135623742205,8.62919,0.00095,0.0,50.0,16.667,0.0,33.333,0.07341,77.9037,8,4.806,12.51819,21.661000000000001,40.793999999999997,37.545000000000002,9.0,-0.22622977527775254,2,91.0,27,155,40.109729928648861,12.047934987762757,737.54356249609475,1166.7160999236601,1089.0,33.0,41.71123,29.41176,8,7,7.581,5.776,4.693,2.888
98651,1481,144,1481_144,419,8.67815,0.0,8.67815,0.0,9.206,8.67815,3636.14394,18.23321,18.23321,180.0,14,8,3.341,1.909,38.577339835570378,0.67800903061131224,0,1,0.716,0.477,96.340191745916883,97.125016348931368,104.03624346791115,108.43494882294155,116.56505117701286,120.9637565319873,120.96375653211759,126.86989764583971,152.10272896905008,160.34617594195527,0.14142135623732408,0.5099019513592606,0.5830951894846237,0.14142135623718088,0.31622776601690983,0.1414213562375828,0.4123105625617219,0.10000000000002274,0.608276253029844,0.4123105625617219,8.88152,0.00015,0.0,22.222,55.556,11.111,11.111,2.68491,44.27941,12,3.952,12.07384,23.866,42.720999999999997,33.412999999999997,28.0,-0.3461837656305584,5,59.399999999999999,7,91,1.7018040261728344,11.955781993979327,388.70761637815389,717.18622999245315,324.88888888888886,18.024674446127698,43.43434,35.35354,1,1,2.148,2.387,0.477,0.239
98652,1481,145,1481_145,450,9.04652,0.00022,9.04652,0.00022,8.094,9.04652,4070.93451,20.08183,20.08183,180.0,15,12,3.333,2.667,37.301388665605586,0.79052740533397203,0,1,1.111,0.667,77.005383208082762,78.690067525989818,90.0,90.0,90.0,99.462322208015067,135.00000000000068,138.81407483429064,161.5650511770389,175.23635830928868,0.599999999999909,0.5099019513592606,0.40000000000009095,0.40000000000009095,0.40000000000009095,0.6082762530299416,0.8485281374238791,2.1260291625469505,0.1999999999998181,0.6324555320336759,9.22925,0.00028,0.0,44.444,44.444,11.111,0.0,1.1266,62.35928,11,4.301,11.49831,24.443999999999999,41.555999999999997,34.0,28.0,-0.7100654494892117,5,67.599999999999994,29,173,18.201071903140956,8.7023056081659007,571.09919267719567,804.29417787592445,332.6875,18.239723133863627,43.01994,30.48433,1,1,2.0,1.778,1.111,0.444
98653,1481,146,1481_146,226,7.04026,0.0,7.04026,0.0,16.467,7.04026,1591.09911,14.00571,14.00571,180.0,3,3,1.327,1.327,28.955115373983709,2.0389991849168343,0,2,7.08,7.08,94.594253331266316,99.462322208022542,108.43494882292364,124.69515353125605,124.69515353125605,141.34019174591148,161.56505117707636,170.3217399468665,180.0,180.0,1.4212670403552106,0.09999999999990905,1.200000000000017,0.14142135623724117,0.14142135623724117,1.200000000000017,0.22360679774997896,2.2360679774997743,0.10000000000002274,0.10000000000002274,7.13201,0.00053,0.0,40.0,20.0,0.0,40.0,0.15948,8.25773,4,3.956,10.46631,8.8499999999999996,42.920000000000002,48.229999999999997,0.0,0,2,71.5,9,134,7.8202752392850989,4.4830949490752374,715.07420439338387,776.7967910664803,650.25,25.5,27.51678,36.91275,4,2,11.504,11.062,2.655,3.097
98654,1481,147,1481_147,268,5.57456,-0.0,5.57456,-0.0,12.544,5.57456,1493.98214,15.92263,15.92263,153.435,6,7,2.239,2.612,27.207487148552961,0.67374941344747219,0,0,1.493,2.612,90.0,90.0,97.125016348890284,101.30993247402026,108.43494882295457,120.71890426402942,122.47119229084544,130.905274193151,149.03624346793032,150.94539590091918,0.09999999999990905,0.09999999999990905,0.36055512754632324,0.36055512754639885,0.14142135623726126,0.7000000000000455,0.5656854249492058,2.961418578992152,0.10000000000002274,0.14142135623734164,5.765,0.00033,0.0,20.0,20.0,20.0,40.0,1.58523,35.59068,7,2.601,8.34268,22.388000000000002,39.552,38.060000000000002,16.5,-0.43260956685973173,4,39.75,9,84,0.800393537093959,6.4129980051747584,389.3990065172286,359.62942233847883,518.0,22.759613353482084,40.57143,37.71429,0,0,3.358,4.478,0.373,1.493
98655,1481,148,1481_148,404,15.2631,0.004,15.2631,0.004,12.182,15.2631,6166.29318,29.01189,29.01189,180.0,6,5,1.485,1.238,75.744031617384309,2.1676964090072866,1,1,11.881,14.109,141.34019174589082,142.19923363838166,146.67371031288465,163.14160123223542,164.74488129695075,168.25436657471252,168.69006752610633,172.87498365120294,178.60281897267441,180.0,1.4317821063273655,1.3152946437967772,1.1661903789690133,1.4317821063273655,0.8062257748297139,3.5383612025910787,0.3605551275462602,0.2236067977501315,0.5385164807133829,1.0295630140991772,15.44132,0.00379,50.0,37.5,12.5,0.0,0.0,0.6841,82.9894,5,5.181,17.85278,0.0,49.752000000000002,50.247999999999998,13.0,-0.33291802295393064,2,167.5,91,244,29.465062544344935,35.717893104754445,1794.6265756166335,3045.5089510102121,53.439999999999998,7.3102667529988263,26.90058,23.68421,3,2,15.099,17.079,5.446,4.95
98656,1481,149,1481_149,232,6.50224,0.00193,6.50224,0.00193,21.184,6.50224,1508.51872,20.23858,20.23858,180.0,3,3,1.293,1.293,37.278041021085599,2.10461836188705,0,2,11.207,12.931,116.56505117707799,120.96375653206971,120.96375653207448,153.43494882290901,168.6900675259804,179.99999879258175,179.99999879258175,179.99999914622637,180.0,180.0,1.118033988749895,1.1661903789690133,0.10000000000002274,0.10000000000002274,0.36055512754644936,0.14142135623730148,0.14142135623730148,1.208304597359478,0.10000000000002274,0.10000000000002274,6.48847,0.00117,0.0,20.0,40.0,0.0,40.0,0.16192,19.08081,8,2.984,10.99751,17.241,40.948,41.810000000000002,12.0,-0.4492217284414352,1,133.0,133,133,15.780649973764744,15.780649973764744,0.0,1473.6658279997114,0.0,0.0,27.61194,28.35821,3,2,15.517,14.655,3.448,5.172
98657,1481,15,1481_15,251,9.96363,0.0004,9.96363,0.0004,7.271,9.96363,2500.87181,20.2608,20.2608,171.87,4,6,1.594,2.39,34.839847962728697,1.4897363644008186,0,1,2.39,3.187,45.000000000024436,45.000000000032578,48.122130462116985,49.698680517301163,51.340191745903546,59.036243467925516,61.927513064148968,75.963756532079913,83.659808254074207,116.56505117708288,0.10000000000013642,0.10000000000013642,0.6403124237432885,0.6082762530297313,0.6403124237433416,0.5830951894845359,0.5830951894845359,0.4242640687119044,0.4242640687120652,0.10000000000013642,10.10286,0.00034,20.0,60.0,0.0,0.0,20.0,2.37671,11.14433,5,5.165,12.50241,31.873000000000001,31.474,36.652999999999999,0.0,0,1,198.0,198,198,12.075657279351191,12.075657279351191,0.0,2487.9795602095123,0.0,0.0,38.19095,45.22613,2,2,5.578,4.781,1.992,2.39
98658,1481,150,1481_150,330,12.21959,0.0003,12.21959,0.0003,6.567,12.21959,4032.46417,20.42841,20.42841,180.0,8,10,2.424,3.03,21.074326441328132,1.006595614157578,0,1,6.364,6.667,35.266617581150101,39.302569228342882,45.00000000006515,45.00000000006515,52.033048884525606,68.198590513643694,94.763641690722594,94.763641690722594,95.19442890773054,114.77514056882717,1.9416487838947623,3.584689665786883,0.14142135623766322,0.14142135623766322,3.1016124838542978,0.09999999999990905,1.2041594578790407,1.2041594578790407,0.09999999999990905,2.024845673131625,12.48189,0.00243,28.571,57.143,14.286,0.0,0.0,3.7435,19.05798,7,8.096,12.62452,6.0609999999999999,48.787999999999997,45.152000000000001,0.0,0,3,105.33333333333333,25,207,7.4808804081115055,12.880633425083564,1125.2330368180494,1341.1900047138045,0.0,0.0,38.87147,34.48276,1,1,11.212,10.303,2.121,2.424
98659,1481,151,1481_151,659,8.0788,0.0,8.0788,0.0,18.191,8.0788,5323.92846,18.50973,18.50973,180.0,16,15,2.428,2.276,32.451036099002003,1.3555366267998574,0,1,7.739,8.649,173.45370921671153,175.04972776570816,175.04972776571199,180.0,180.0,180.0,180.0,180.0,180.0,180.0,1.0770329614269345,1.1180339887498894,1.1401754250989784,0.10000000000002274,0.10000000000002274,0.10000000000002274,0.10000000000002274,0.10000000000002274,0.10000000000002274,0.10000000000002274,8.15634,0.00053,0.0,14.286,50.0,7.143,28.571,7.10768,34.12935,15,4.537,10.462,0.0,53.110999999999997,46.889000000000003,8.0,-1.009738484557667,11,44.090909090909093,8,128,2.075443819099732,13.049161848991599,472.30180548635462,472.37434451109254,238.0,15.427248620541512,34.46894,27.85571,4,2,11.229,12.14,4.097,3.49
98660,1481,152,1481_152,1032,10.80006,-0.0,10.80006,-0.0,5.934,10.80006,11145.65679,18.77472,18.77472,180.0,12,17,1.163,1.647,50.571611668469245,0.52365255747777117,0,0,2.907,3.585,95.194428907753505,100.30484646871079,100.30484646876603,100.30484646880251,106.260204708312,124.69515353123381,169.69515353128924,174.88958243904275,175.04972776570835,180.0,0.1000000000003638,1.118033988749722,1.118033988749895,0.1000000000003638,1.118033988749895,0.1414213562373093,1.1000000000000227,1.118033988749722,1.140175425099138,0.2,10.90514,5e-05,45.455,13.636,13.636,4.545,22.727,0.02967,42.36792,29,5.623,13.87699,24.225000000000001,38.856999999999999,36.918999999999997,9.0,-1.2286540138717013,4,196.5,17,669,0.27951331032696436,11.363341156269769,4363.5488476239107,2767.0548414060836,2808.1875,52.992334351300286,40.17522,43.42929,3,1,5.523,6.105,0.775,1.55
98661,1481,153,1481_153,201,7.31713,0.00111,7.31713,0.00111,12.14,7.31713,1470.74265,14.99066,14.99066,180.0,2,6,0.995,2.985,29.061335074184804,1.2945453461589966,0,1,4.478,7.463,97.125016348903472,101.30993247401125,101.30993247401125,108.43494882291387,108.43494882291387,123.69006752598061,127.87498365109981,127.87498365109981,168.69006752598168,179.99999879258175,0.2236067977500298,0.14142135623732158,0.14142135623732158,0.14142135623732158,0.14142135623732158,0.10000000000002274,1.1401754250991705,1.1401754250991705,1.1313708498984318,0.14142135623732158,7.46491,0.00058,0.0,25.0,50.0,0.0,25.0,1.68314,14.42906,8,3.029,10.02825,4.9749999999999996,47.264000000000003,47.761000000000003,0.0,0,1,144.0,144,144,13.217505868629233,13.217505868629233,0.0,1454.0969562955909,0.0,0.0,31.03448,36.55172,2,2,6.965,8.955,1.99,1.493
98662,1481,154,1481_154,843,13.08085,0.00017,13.08085,0.00017,8.369,13.08085,11027.16007,29.68265,29.68265,180.0,8,9,0.949,1.068,73.836746336110977,1.4193817698916162,0,2,11.862,11.388,124.99202019855169,127.87498365110221,134.21517539700812,135.0,146.30993247398015,160.34617594194668,161.56505117718226,168.69006752601982,174.05313694604934,179.99999879258175,0.0999999999994543,0.1000000000003638,1.6124515496597045,1.1313708498987332,0.0999999999994543,1.236931687686048,0.22360679774997896,0.36055512754569263,1.17046999107218,1.1401754250987393,13.17158,0.00015,44.444,22.222,5.556,11.111,16.667,0.50864,70.36207,19,4.567,15.70856,3.5590000000000002,49.347999999999999,47.094000000000001,10.67,-0.7889758948566715,8,84.0,7,451,1.3137635645896333,28.080386865428473,2769.4003660921526,1368.0253525328321,553.5,23.526580712037184,28.04006,27.32475,3,3,15.896,16.251,4.864,4.626
98663,1481,155,1481_155,1400,10.59054,-0.0,10.59054,-0.0,8.43,10.59054,14826.76223,25.5,25.5,180.0,20,22,1.429,1.571,82.709889737018358,0.3413738133612364,0,0,0.571,0.429,180.0,180.0,180.0,180.0,180.0,180.0,180.0,180.0,180.0,180.0,0.447213595499958,0.447213595499958,0.447213595499958,0.447213595499958,0.447213595499958,0.447213595499958,0.447213595499958,0.447213595499958,0.447213595499958,0.447213595499958,10.66613,1e-05,45.161,0.0,16.129,0.0,38.71,0.00743,61.01019,33,2.466,16.2753,47.143000000000001,26.213999999999999,26.643000000000001,21.0,-0.14412187572061644,7,128.85714285714286,6,692,0.18423393735166901,18.591582134784154,4405.5778770001434,2105.949040852182,6142.5306122448974,78.374298161099333,42.82561,43.59823,2,1,1.857,1.786,0.286,0.071
98664,1481,156,1481_156,247,11.08843,0.00091,11.08843,0.00091,15.415,11.08843,2738.84325,23.77751,23.77751,180.0,4,7,1.619,2.834,56.780392106692702,1.8365757389234647,0,2,9.312,8.907,123.476278296095,126.86989764584402,127.87498365108351,145.00797980143957,153.43494882289596,153.43494882289596,163.39301942138576,163.6104596659076,179.99999879258175,180.0,1.1401754250990084,2.5,0.2236067977498773,0.10000000000002274,0.10000000000002274,0.10000000000002274,1.1045361017186375,0.14142135623734164,0.6708203932498352,0.10000000000002274,11.32217,0.00193,60.0,0.0,20.0,0.0,20.0,1.55338,23.95077,7,5.267,14.39292,0.0,48.582999999999998,51.417000000000002,6.0,-0.3286405070433374,2,91.0,22,160,7.6528626167754377,14.856183306826741,1208.333217077198,1349.7029256200137,420.25,20.5,25.53191,30.85106,4,2,17.004,12.955,4.049,4.858
98665,1481,157,1481_157,470,8.96934,0.00021,8.96934,0.00021,8.363,8.96934,4215.59168,20.52925,20.52925,180.0,12,12,2.553,2.553,23.391442500766424,1.2308192746084397,0,2,3.83,5.106,81.027373385131426,89.999999999967429,90.0,90.0,98.130102354159249,98.130102354184629,101.30993247395256,102.52880770918907,132.58049078334886,153.43494882289596,0.22360679774982645,0.14142135623726126,0.1999999999999318,0.1999999999999318,0.22360679774982645,0.14142135623726126,0.36055512754635477,0.4123105625617219,0.5000000000000683,0.31622776601680197,9.11403,4e-05,0.0,30.0,50.0,10.0,10.0,1.16491,24.3019,15,6.255,10.31299,19.149000000000001,41.277000000000001,39.573999999999998,0.0,0,3,134.66666666666666,9,232,3.3960600967339425,11.598842251359041,1017.1709966400939,1397.9620128456552,702.25,26.5,38.08354,37.10074,5,2,7.021,7.234,2.553,3.191
98666,1481,158,1481_158,429,6.14424,0.00023,6.14424,0.00023,16.513,6.14424,2635.8783,17.61817,17.61817,180.0,8,10,1.865,2.331,38.371457405864362,0.85724941826537171,0,1,2.564,5.594,104.03624346792776,108.43494882289392,124.99202019855602,124.99202019855821,127.87498365109971,127.87498365110073,127.87498365110422,131.63353933656572,161.56505117708454,173.65980825403142,1.2369316876852348,1.1313708498984518,0.10000000000002274,1.2206555615733636,1.1401754250989884,0.09999999999990905,0.10000000000002274,1.2041594578792671,0.22360679774997896,0.6403124237433416,6.21044,0.00046,0.0,22.222,11.111,0.0,66.667,0.19745,33.32578,12,2.524,10.62508,2.331,48.718000000000004,48.951000000000001,16.6,-0.4845335881586305,6,39.333333333333336,9,62,0.16270720579017794,15.957280928868895,293.92427824976477,425.32052813489616,687.22222222222229,26.214923654709015,33.60996,37.75934,1,1,5.594,10.256,0.932,0.932
98667,1481,159,1481_159,242,3.07536,0.00462,3.07536,0.00462,25.597,3.07536,744.23803,13.70839,13.70839,180.0,3,3,1.24,1.24,10.803253320468984,1.1413839300639015,0,0,11.57,12.81,106.95189424544583,108.43494882291925,110.55604521957521,110.5560452195915,112.75097634278787,116.56505117707799,153.43494882292526,161.56505117707721,173.4537092167059,179.05304855322635,1.403566884761813,0.14142135623733162,0.14142135623732158,1.208304597359452,3.3615472627943213,0.09999999999999432,0.10000000000002274,0.1414213562373115,1.140175425099163,1.077032961426903,3.13747,0.0008,0.0,0.0,0.0,20.0,80.0,0.15711,18.87845,7,2.587,5.14632,0.0,50.826000000000001,49.173999999999999,7.0,-0.4882757722299765,6,18.833333333333332,5,51,0.7583203104469749,9.9681797370189535,130.73815950701561,109.0250619291981,816.6875,28.577744837547975,29.32331,22.55639,2,1,14.463,19.421,4.959,7.025
98668,1481,16,1481_16,518,5.55333,0.00226,5.55333,0.00226,12.109,5.55333,2876.62249,14.22744,14.22744,180.0,11,8,2.124,1.544,18.519439462702334,0.55934854498651465,0,0,3.475,4.054,104.03624346795331,108.43494882295457,110.55604521961648,137.72631099390628,153.43494882292202,175.23635830927827,175.60129464500824,177.87890360333787,179.99999879258175,180.0,1.1661903789691304,0.14142135623726126,1.208304597359478,1.3038404810405295,0.10000000000002274,1.118033988749895,1.1661903789690133,1.118033988749895,1.118033988749895,0.2236067977500171,5.65594,0.00094,0.0,0.0,45.455,18.182,36.364,1.02356,31.3407,17,3.196,7.71148,11.583,47.683,40.734000000000002,24.0,-0.35964760608491503,7,49.857142857142854,11,95,0.67423563557721311,7.4432894469988771,268.31563511275419,399.76373290156874,370.96000000000004,19.26032190800559,40.0545,37.60218,0,0,7.529,7.529,1.544,1.544
98669,1481,160,1481_160,362,19.74783,0.00249,19.74783,0.00249,12.551,19.74783,7148.71363,32.76843,32.76843,180.0,1,5,0.276,1.381,125.95454445884637,2.6263075557343747,1,3,14.088,13.812,129.09385888623899,135.48146580583816,170.48397979502138,175.91438322001011,180.0,180.0,180.0,180.0,180.0,180.0,1.3038404810408002,1.2083045973594584,1.3453624047073558,1.4035668847618232,0.1999999999999318,0.1999999999999318,0.1999999999999318,0.1999999999999318,0.1999999999999318,0.1999999999999318,20.0643,0.00178,75.0,0.0,0.0,12.5,12.5,0.15567,74.02566,7,8.851,24.31962,0.0,48.066000000000003,51.933999999999997,6.0,-0.3749182927994353,2,143.5,33,254,29.162714786824221,34.384311705756197,2951.8196699304926,3546.9649661373505,676.0,26.0,21.57534,28.08219,4,3,17.127,18.508,7.459,7.182
98670,1481,161,1481_161,445,9.63177,-0.0,9.63177,-0.0,12.144,9.63177,4286.1393,22.58694,22.58694,180.0,8,7,1.798,1.573,57.947002554725067,1.398311032241158,0,1,5.169,6.742,105.25511870304445,135.00000000002441,142.12501634889932,142.12501634890106,153.43494882292853,161.56505117709426,162.96223220437665,176.82016988012862,180.0,180.0,1.1401754250990743,0.14142135623724117,1.1401754250991478,0.10000000000002274,0.10000000000013642,0.6708203932499623,1.0770329614268923,0.5000000000000455,0.09999999999990905,0.09999999999990905,9.77172,3e-05,11.111,55.556,0.0,22.222,11.111,8.40557,73.25975,14,6.03,13.86442,13.483000000000001,45.618000000000002,40.899000000000001,13.5,-0.5338542766373244,4,75.25,38,104,9.8918967023282054,20.406958388223124,462.33757827032849,1058.7063933859854,513.6875,22.664675157610354,33.66013,31.37255,6,2,10.337,10.787,2.697,2.921
98671,1481,162,1481_162,281,4.49029,0.00071,4.49029,0.00071,14.153,4.49029,1261.77084,14.43607,14.43607,180.0,7,6,2.491,2.135,18.163259566776272,0.6878786509150645,0,1,1.423,1.068,78.690067525989804,80.537677791972627,82.874983651105978,90.0,90.0,90.0,90.0,102.5288077091496,123.690067525961,126.86989764584467,0.5099019513592606,0.10000000000002274,0.7211102550927805,0.10000000000000142,0.10000000000000142,0.10000000000000142,0.10000000000000142,0.41231056256180465,0.14142135623730148,1.0000000000000226,4.58455,0.00064,0.0,0.0,16.667,33.333,50.0,0.03281,14.759,7,2.84,6.93282,17.794,42.704999999999998,39.502000000000002,12.33,-0.1624828759089368,6,25.833333333333332,7,46,0.52198342945245602,7.9727302112538423,143.51565336214179,195.06888977410031,713.84000000000003,26.717784339274843,41.04046,32.94798,2,2,3.203,1.779,1.068,0.712
98672,1481,163,1481_163,195,8.39502,0.00714,8.39502,0.00714,21.88,8.39502,1637.02957,19.03786,19.03786,180.0,4,6,2.051,3.077,37.859120081470117,1.508010552730715,0,1,7.179,7.179,109.98310652190378,120.96375653207448,138.08765128498356,145.00797980143957,149.03624346793035,159.39030706246376,161.32329826781131,170.53767779198142,175.60129464500608,175.60129464501156,0.3000000000000682,1.1661903789690717,1.1180339887499253,1.2206555615733963,0.14142135623734164,1.1180339887499253,1.1704699910720149,0.6082762530297173,0.4123105625617219,0.41231056256174947,8.58263,0.0026,0.0,50.0,25.0,0.0,25.0,0.39245,21.92343,4,4.85,11.70606,0.0,49.231000000000002,50.768999999999998,11.0,-0.45694087220312346,1,135.0,135,135,17.062286826073251,17.062286826073251,0.0,1592.0239076706148,0.0,0.0,27.20588,33.08824,1,1,11.795,10.256,4.615,5.128
98673,1481,164,1481_164,497,11.19673,0.00596,11.19673,0.00596,5.859,11.19673,5564.77679,16.05615,16.05615,143.13,7,9,1.408,1.811,10.654254683162826,1.0343020955909115,0,0,9.457,8.853,27.716821646377269,28.160818136015621,28.546989133833684,30.508380589847217,40.941711540149875,41.021806577130683,43.563579051193265,78.690067525979785,93.859762436315947,112.41009989390878,5.110772935672254,7.955501241279523,2.961418578992129,5.300943312279381,6.580273550544851,3.1780497164140558,8.183520025025974,0.1414213562373093,3.613862199918553,5.755866572463303,11.36806,0.01126,0.0,54.545,45.455,0.0,0.0,0.55113,30.94572,16,9.164,11.41265,6.0359999999999996,46.076000000000001,47.887,0.0,0,0,0,0,0,0,0,0.0,0.0,0.0,0.0,32.44353,36.34497,4,2,12.475,11.469,4.628,5.03
98674,1481,165,1481_165,326,1.76748,0.00061,1.76748,0.00061,32.91,1.76748,576.19927,10.40865,10.40865,180.0,3,5,0.92,1.534,5.9397175798985229,1.0965794668341187,0,1,7.055,7.055,171.86989764584399,171.86989764584482,175.03025927188978,175.60129464500383,175.60129464500497,179.99999879258175,180.0,180.0,180.0,180.0,0.31622776601683794,0.22360679774997896,0.10000000000000142,0.4123105625617736,0.31622776601684693,1.1045361017187345,0.20000000000000018,0.20000000000000018,0.20000000000000018,0.20000000000000018,1.73343,0.00096,0.0,0.0,0.0,14.286,85.714,0.10683,10.39669,9,1.586,4.93706,6.1349999999999998,51.226999999999997,42.637999999999998,0.0,0,6,14.333333333333334,5,40,0.28076744391543762,4.3640405649212521,63.202073846639607,75.443027131028927,2506.6399999999994,50.066355968853969,28.7234,27.65957,1,1,10.123,11.963,3.988,3.374
98675,1481,166,1481_166,351,17.79195,0.00028,17.79195,0.00028,10.568,17.79195,6244.97581,28.9166,28.9166,167.471,6,5,1.709,1.425,91.503043725510508,1.6331428075856775,1,2,7.123,8.832,93.366460663426196,102.52880770916072,107.10272896903336,108.43494882291199,109.98310652190568,109.98310652190568,125.53767779185115,137.36137465818925,160.86635679408724,164.74488129694299,1.2041594578794184,1.1661903789690133,0.4472135954999579,0.360555127546071,1.170469991071908,1.170469991071908,1.2165525060594347,1.140175425099098,1.118033988749895,1.0816653826388436,18.21389,0.00114,85.714,0.0,0.0,14.286,0.0,0.49885,40.11465,8,9.738,20.58859,0.0,52.421999999999997,47.578000000000003,0.0,0,1,294.0,294,294,41.279416329925866,41.279416329925866,0.0,6206.8682626672971,156.25,12.5,39.7351,31.12583,4,3,12.821,13.39,4.843,4.558
98676,1481,167,1481_167,426,9.13323,0.0,9.13323,0.0,10.308,9.13323,3890.75604,16.772,16.772,180.0,6,9,1.408,2.113,25.076947460704755,0.72831609234254002,0,0,5.634,6.103,86.185925165737842,89.999999999955222,89.999999999987793,90.0,93.366460663560531,101.3099324740578,124.99202019856916,127.8749836510917,134.99999999998781,135.0,1.0630145812734324,1.1313708498983313,1.1313708498983313,0.10000000000002274,1.2041594578793429,0.22360679775023318,1.2206555615735266,1.1401754250990084,0.09999999999990905,0.28284271247461895,9.33754,0.00094,11.111,33.333,33.333,11.111,11.111,0.45976,31.45495,8,4.512,10.64845,0.0,48.591999999999999,51.408000000000001,18.5,-0.3131966412644069,3,120.33333333333333,41,199,7.9258176212042351,12.119609953633118,853.91716931793883,1287.4954674799144,290.66666666666669,17.048949136725895,33.33333,40.22039,0,0,9.155,11.268,2.113,2.817
98677,1481,168,1481_168,239,0.1021,0.0,0.1021,0.0,15.595,0.1021,24.40167,0.64031,0.64031,180.0,0,0,0.0,0.0,0.02242097463302669,0.046245685762879463,0,0,0.0,0.0,90.000000000000043,90.000000000000043,98.13010235415598,108.43494882292204,126.86989764584402,126.86989764584403,128.65980825409011,179.99999879258175,179.99999879258175,180.0,0.42426406871192857,0.42426406871192857,0.49999999999999994,0.10000000000000009,0.5000000000000001,0.49999999999999994,0.09999999999999998,0.14142135623730953,0.14142135623730953,0.10000000000000009,0.10359,0.00037,0.0,0.0,0.0,0.0,100.0,0.00737,0.02795,7,0.116,0,96.233999999999995,2.5099999999999998,1.2549999999999999,0.0,0,0,0,0,0,0,0,0.0,0.0,0.0,0.0,0,0,0,0,0.0,0.0,0.0,0.0
98678,1481,169,1481_169,267,8.15509,0.00075,8.15509,0.00075,10.53,8.15509,2177.40968,23.76973,23.76973,180.0,3,6,1.124,2.247,68.005440923464334,2.5593804909229836,0,1,2.247,3.745,78.690067525989804,79.695153531231369,79.695153531231895,79.695153531231895,90.0,99.462322208025199,180.0,180.0,180.0,180.0,1.0198039027185213,0.0999999999999659,1.1180339887499253,1.1180339887499253,1.1000000000000227,1.2165525060596307,0.2999999999999545,0.2999999999999545,0.2999999999999545,0.2999999999999545,8.11837,0.00018,20.0,40.0,0.0,0.0,40.0,4.78851,85.45208,9,4.291,14.06027,26.216999999999999,34.831000000000003,38.951000000000001,26.5,-0.41307935497810483,3,50.666666666666664,30,88,16.331833822161876,20.314766319967195,453.74633228119177,717.07353496756093,450.66666666666669,21.228911104120876,26.79739,31.37255,2,2,6.367,7.491,1.124,1.498
98679,1481,17,1481_17,1294,13.38137,-0.0,13.38137,-0.0,7.244,13.38137,17315.48701,30.29472,30.29472,180.0,30,26,2.318,2.009,68.906900192008962,0.81425927007008148,0,0,2.782,4.173,109.98310652188476,115.01689347798496,115.01689347809432,115.01689347856028,137.18164140357359,146.46576829876972,161.56505117710404,175.27201218114348,180.0,180.0,1.1704699910717526,1.1704699910717526,1.170469991071908,0.14142135623653776,1.1045361017186686,2.531797780234375,0.14142135623750243,1.1704699910723744,0.1999999999998181,0.1999999999998181,13.48507,0.00013,50.0,14.286,14.286,3.571,17.857,0.12207,81.78005,36,6.724,16.21033,10.045999999999999,48.917999999999999,41.036000000000001,10.75,-0.506572652463422,13,80.92307692307692,5,460,0.072940210153413759,28.429503481697608,2287.7516243189862,1325.7326975842286,658.02469135802471,25.651991956922657,40.88346,34.68045,1,0,7.187,7.651,1.005,1.7
98680,1481,170,1481_170,292,9.69328,0.00378,9.69328,0.00378,13.62,9.69328,2830.43743,20.58276,20.58276,180.0,5,5,1.712,1.712,53.327159572735766,1.6836694216326882,0,1,11.986,10.274,95.194428907741752,103.66322934012854,108.43494882292201,109.65382405805332,112.72628343546147,115.01689347809999,146.30993247406533,152.18570614422478,164.74488129694396,178.79936601847473,0.20000000000004547,1.4866068747318506,1.264911064067352,1.3000000000000003,1.1704699910719623,0.141421356237309,0.14142135623738186,2.209072203437452,1.1401754250990932,3.014962686336267,10.02067,0.0016,50.0,0.0,0.0,33.333,16.667,5.87406,39.75992,7,5.989,13.47525,0.0,53.424999999999997,46.575000000000003,7.0,-0.7776543462584239,2,101.5,41,162,6.9856939625721495,19.492611738227083,1052.5478359988219,1385.8897452285441,84.0,9.1651513899116797,31.40097,24.15459,3,2,16.781,16.096,8.562,5.137
98681,1481,171,1481_171,192,4.19819,0.0042,4.19819,0.0042,25.181,4.19819,806.05328,18.40543,18.40543,173.29,4,3,2.083,1.563,22.405426202103371,0.69973745122782116,0,1,3.125,4.688,116.56505117707799,116.5650511770781,135.00000000000006,147.21571913413169,153.43494882292202,154.44003482818329,156.80140948634661,163.24973549497426,164.74488129694214,170.53767779198074,0.19999999999998863,0.5,0.7211102550927991,1.4035668847618192,1.118033988749895,0.4999999999999773,0.8485281374237887,1.1401754250991376,0.5099019513592785,0.8602325267042997,4.35062,0.00481,0.0,25.0,0.0,0.0,75.0,0.23139,18.05211,9,3.04,6.97043,5.2080000000000002,46.353999999999999,48.438000000000002,10.0,-0.5280028364576823,2,45.0,8,82,1.2372487351066175,22.688684439123811,319.90969501542475,353.0436063594417,526.8888888888888,22.954060400915758,31.13208,39.62264,1,1,5.729,9.375,1.563,3.125
98682,1481,172,1481_172,292,10.30633,0.00097,10.30633,0.00097,11.715,10.30633,3009.44734,19.10497,19.10497,162.897,7,9,2.397,3.082,39.248024093669748,1.6416547355410558,0,1,1.712,1.712,67.619864948035413,75.963756532069681,77.66091272167175,80.272421448606096,89.99999999999288,101.59217541029804,102.09475707701704,126.86989764586228,133.60281897270139,135.00000000000813,0.5099019513592606,0.6999999999999318,0.5385164807134251,0.36055512754632324,0.1414213562373266,1.7804493814765041,0.2236067977500171,0.10000000000013642,0.5385164807134672,0.5656854249492863,10.43008,0.00141,16.667,50.0,16.667,0.0,16.667,2.14337,38.20393,9,6.511,12.99672,17.123000000000001,38.698999999999998,44.177999999999997,21.0,-0.5553343051997899,3,75.333333333333329,25,119,9.7842052167049243,7.7618099989820246,607.21810253369438,991.67568394624902,600.25,24.5,36.68122,44.1048,1,1,3.767,3.082,1.027,0.342
98683,1481,173,1481_173,351,15.2654,0.00103,15.2654,0.00103,11.388,15.2654,5358.1544,31.97812,31.97812,176.82,3,6,0.855,1.709,88.488475889094275,2.7070739239205386,0,6,12.536,14.245,134.10014028509073,149.34933204294052,153.43494882292202,153.43494882293504,161.56505117701283,161.56505117701283,162.75854060119488,165.96375653195855,168.6900675260901,172.87498365113566,0.9433981132056218,1.4035668847614668,1.118033988749895,0.4472135954997546,0.31622776601690983,0.31622776601690983,2.1470910553580667,0.14142135623750243,0.3605551275462602,0.3605551275462602,15.57285,0.00232,57.143,14.286,14.286,14.286,0.0,1.30883,55.14832,5,6.362,18.0855,0.0,49.573,50.427,14.0,-0.8263623237525342,3,96.0,14,212,4.9608915493181538,31.649997335817201,1972.2271164601932,1769.2930999155633,58.6875,7.6607767230222814,25.5102,26.19048,11,7,16.239,17.379,6.838,7.977
98684,1481,174,1481_174,549,7.84675,0.00081,7.84675,0.00081,16.979,7.84675,4307.86547,21.6781,21.6781,180.0,11,10,2.004,1.821,49.634077962222115,0.92004863252052405,0,0,5.1,5.829,153.43494882294809,161.56505117707798,168.11134196037989,175.23635830927827,175.23635830927827,180.0,180.0,180.0,180.0,180.0,0.22360679774997896,0.14142135623718088,1.0816653826391274,1.0770329614269345,1.0770329614269345,0.2236067977499726,0.2236067977499726,0.2236067977499726,0.2236067977499726,0.2236067977499726,7.95793,0.00119,8.333,25.0,16.667,16.667,33.333,0.14572,61.31661,13,2.969,12.19269,5.4640000000000004,49.908999999999999,44.627000000000002,14.33,-0.727289003074766,5,69.0,19,140,5.6604858786616248,17.457675193467242,624.46763152736139,845.70464058958964,502.22222222222217,22.41031508529548,29.39481,31.70029,0,0,8.743,11.293,1.821,1.639
98685,1481,175,1481_175,1404,7.30772,0.00014,7.30772,0.00014,15.778,7.30772,10260.03367,19.57396,19.57396,180.0,26,27,1.852,1.923,33.436342478895206,1.3538276656723711,0,5,7.051,6.695,179.99999914622637,180.0,180.0,180.0,180.0,180.0,180.0,180.0,180.0,180.0,0.31622776601698177,0.29999999999972715,0.29999999999972715,0.29999999999972715,0.29999999999972715,0.29999999999972715,0.29999999999972715,0.29999999999972715,0.29999999999972715,0.29999999999972715,7.31828,0.0003,0.0,25.806,32.258,6.452,35.484,0.0821,44.68408,41,3.415,10.59487,9.9719999999999995,46.154000000000003,43.875,10.33,-0.960864305557885,18,50.944444444444443,9,168,0.61453070913989771,8.0590086464876922,523.78615744085914,557.32559944428476,677.48979591836735,26.028634153915323,33.61345,32.2479,10,5,9.972,11.61,3.276,3.419
98686,1481,176,1481_176,356,9.11594,-0.0,9.11594,-0.0,13.061,9.11594,3245.27413,19.23148,19.23148,180.0,5,8,1.404,2.247,46.2768267596038,1.8762454561925392,0,1,6.18,7.584,101.30993247402135,104.03624346794659,105.06848815941943,108.43494882294115,115.55996517178872,131.63353933656776,180.0,180.0,180.0,180.0,1.131370849898482,1.1661903789690133,1.2041594578789652,1.1313708498986128,1.1401754250991478,0.10000000000002274,1.1661903789690133,1.1661903789690133,1.1661903789690133,1.1661903789690133,9.15865,6e-05,14.286,57.143,0.0,0.0,28.571,2.70615,51.70369,11,3.727,12.82409,5.6180000000000003,47.472000000000001,46.909999999999997,15.0,-0.9801026511796285,3,83.0,28,159,20.122631834958195,16.302569606685228,617.85410631275261,1068.6741518967358,566.22222222222217,23.795424396766329,28.0,31.6,1,1,10.674,12.921,2.247,2.528
98687,1481,177,1481_177,197,7.4926,0.00072,7.4926,0.00072,20.124,7.4926,1476.04245,15.90629,15.90629,180.0,2,3,1.015,1.523,31.547626424273215,2.0893710633097125,0,1,9.645,10.66,104.0362434679303,108.43494882292852,153.43494882292202,153.43494882294155,161.56505117707803,165.96375653206977,168.6900675259773,179.99999914622637,180.0,180.0,0.20000000000004547,1.2000000000000455,0.10000000000002274,0.14142135623726126,0.2236067977500298,0.10000000000002274,0.509901951359283,0.22360679774992814,0.1999999999999318,0.1999999999999318,7.57672,0.0011,0.0,25.0,50.0,0.0,25.0,0.48583,19.17063,6,3.125,10.59745,5.0759999999999996,47.716000000000001,47.207999999999998,0.0,0,1,136.0,136,136,12.919264923746914,12.919264923746914,0.0,1451.850349027191,0.0,0.0,29.19708,31.38686,3,1,12.183,13.198,4.569,3.046
98688,1481,178,1481_178,491,13.68179,0.00228,13.68179,0.00228,4.314,13.68179,6717.7568,20.94803,20.94803,80.538,7,6,1.426,1.222,28.227883365198508,1.3009731054623821,1,1,6.11,7.128,31.759480084793999,32.005383208073226,36.531353420836247,38.099671830708147,38.848156620687746,44.999999999934872,45.000000000130278,45.000000000130278,45.000000000169365,53.569141879754227,1.746424919657246,2.1213203435596424,5.800862004909282,1.920937271229741,1.3341664064124084,1.2649110640670642,0.14142135623750243,0.14142135623750243,0.22360679774997896,0.44721359550036466,13.77643,0.00881,50.0,40.0,0.0,0.0,10.0,0.55051,24.49156,12,7.771,14.01173,4.0730000000000004,47.250999999999998,48.676000000000002,0.0,0,2,235.0,45,425,1.3659742734941833,12.585000559030091,3152.3334249383606,3349.5467665158876,0.0,0.0,36.11691,38.41336,1,1,13.035,13.442,2.444,2.037
98689,1481,179,1481_179,273,12.45529,0.00443,12.45529,0.00443,16.941,12.45529,3400.29343,31.33129,31.33129,180.0,5,2,1.832,0.733,53.477577147070818,4.5788856318254121,0,5,14.286,14.652,101.3099324740102,150.97506745679638,166.9543629370506,169.0193499898264,172.87498365114024,173.65980825409656,174.55966796896701,178.17203175569486,180.0,180.0,0.3605551275463863,1.0770329614269134,4.429446918069857,1.170469991071908,0.2236067977498773,0.6403124237433416,0.9433981132056218,1.20415945787922,0.22360679774997896,0.22360679774997896,12.59504,0.00257,50.0,16.667,16.667,0.0,16.667,0.79245,39.11901,9,8.693,14.73531,0.0,49.817,50.183,3.0,-0.7177886890170133,2,107.0,94,120,14.789012623998929,23.302487285463592,73.098631645720161,1673.5579983446519,120.22222222222221,10.964589468932351,29.69432,25.32751,8,7,18.681,18.315,9.158,9.524
98690,1481,18,1481_18,992,10.67617,-0.0,10.67617,0.0,9.048,10.67617,10590.75711,21.53927,21.53927,180.0,16,17,1.613,1.714,49.34688954382176,0.8404948282878828,0,3,4.435,5.04,98.130102354167391,106.38954033421857,108.43494882294645,115.01689347798496,116.56505117696075,116.56505117702913,143.13010235416698,161.56505117709102,179.99999914622637,180.0,0.3162277660170087,0.1414213562370201,1.118033988749895,1.1704699910717526,0.14142135623750243,0.14142135623766322,1.2041594578792485,0.22360679775069076,0.2236067977505891,0.14142135623766322,10.76054,0.00011,27.273,27.273,22.727,0.0,22.727,0.0279,47.75557,20,4.769,13.33439,15.121,42.843000000000004,42.036000000000001,0.0,0,5,155.40000000000001,5,248,0.014957675544439598,13.980689348315753,1565.8224001068052,2097.6830878899004,1563.0,39.534794801541594,40.86294,36.80203,3,3,7.661,8.065,1.815,1.411
98691,1481,180,1481_180,411,9.85525,-0.0,9.85525,-0.0,7.052,9.85525,4050.50689,19.12302,19.12302,180.0,9,8,2.19,1.946,40.622847831265183,0.46774714849298166,0,1,1.217,0.487,77.471192290833159,79.695153531235277,90.000000000020364,90.000000000028507,98.130102354162162,101.30993247406029,108.43494882295893,124.93931020471368,153.43494882289596,161.56505117707798,0.41231056256183224,0.22360679774981373,0.28284271247466325,0.14142135623726126,0.14142135623724117,0.1000000000003638,0.6708203932499369,0.5099019513593499,0.22360679774982645,0.09999999999990905,10.03311,5e-05,22.222,44.444,0.0,0.0,33.333,0.01949,23.24008,11,4.628,12.83471,29.196999999999999,36.982999999999997,33.82,9.0,-0.548750777989565,2,156.5,145,168,14.297382115846229,9.8944327418176687,127.25379750574211,2015.0487467242574,462.25,21.5,49.36306,41.0828,1,1,2.19,1.46,0.487,0.243
98692,1481,181,1481_181,431,7.21745,0.0,7.21745,0.0,14.177,7.21745,3110.7227,22.05108,22.05108,180.0,6,6,1.392,1.392,56.266663250312916,0.92504493031724366,0,2,4.176,6.961,115.01689347809432,115.01689347809432,115.01689347816327,116.56505117707799,116.56505117707805,155.5560452195509,169.93931020468574,174.88958243897326,179.99999879258175,180.0,1.170469991071908,1.170469991071908,1.170469991072122,1.118033988749895,1.2041594578792296,0.14142135623726126,1.1045361017187405,1.1180339887498847,1.1180339887498847,0.14142135623718088,7.37485,7e-05,22.222,0.0,22.222,11.111,44.444,1.6399,42.31072,12,2.741,12.64482,18.561,46.171999999999997,35.267000000000003,30.0,-0.4631772096682809,5,46.799999999999997,13,86,0.47531562657410259,16.728004910120916,498.03119039186964,607.51799481872376,530.0,23.021728866442675,35.68465,26.97095,2,2,6.961,10.441,2.32,2.784
98693,1481,182,1481_182,189,7.86478,0.00053,7.86478,0.00053,15.65,7.86478,1486.4431,16.78869,16.78869,180.0,1,6,0.529,3.175,35.559970976652906,2.0432480207426837,0,1,7.937,7.937,90.000000000004903,90.000000000004903,93.8140748342866,97.125016348891336,97.125016348907636,126.74056202012223,127.87498365110001,135.00000000000162,156.32621841914292,175.60129464500477,0.14142135623732557,0.14142135623732557,1.06301458127342,1.14017542509912,0.28284271247465115,1.4142135623730725,1.140175425099166,1.131370849898444,0.9219544457292764,0.2828427124746029,7.98198,0.00325,0.0,25.0,50.0,0.0,25.0,0.21155,24.89535,6,4.103,11.0177,5.2910000000000004,43.386000000000003,51.323,8.0,-1.7430305161475808,2,64.5,21,108,10.536319683028021,14.308153965887472,472.72692925847355,731.64477920278432,0.0,0.0,27.06767,36.84211,4,3,12.169,14.286,5.82,3.175
98694,1481,183,1481_183,461,8.73913,0.0,8.73913,0.0,7.542,8.73913,4028.74045,20.65962,20.65962,153.435,12,10,2.603,2.169,44.892278052308278,0.65376377065137059,0,1,0.651,0.868,78.69006752598041,80.537677791972186,89.999999999973952,90.0,90.0,90.0,96.340191745903553,104.03624346791115,111.80140948637877,113.19859051365198,0.5099019513592773,0.09999999999999432,0.4472135954999579,0.3000000000000682,0.3000000000000682,0.3000000000000682,0.1999999999998181,0.41231056256183224,0.5385164807135517,0.5385164807134515,8.82897,6e-05,30.0,10.0,20.0,0.0,40.0,0.0165,19.89973,10,4.014,11.61581,23.861000000000001,37.744,38.395000000000003,19.5,-0.3568155964020077,4,85.0,54,123,1.1325386312424419,20.676040321111284,562.62614984414199,998.05252675981217,1304.0,36.110940170535578,45.05814,38.66279,1,1,1.518,1.518,0.651,0.651
98695,1481,184,1481_184,175,7.13091,0.00777,7.13091,0.00777,19.532,7.13091,1247.90919,16.45144,16.45144,178.034,5,2,2.857,1.143,26.469784507062421,2.0828432712808667,0,2,11.429,10.857,82.874983651112984,85.03025927188969,86.185925165708781,86.820169880130663,93.81407483427293,97.125016348901809,120.9637565320721,141.34019174590992,153.43494882292202,158.83874018317212,0.14142135623730148,2.1633307652783933,1.0630145812734662,0.7211102550928042,0.14142135623730148,1.1401754250991378,1.1661903789690424,0.6403124237432848,0.09999999999999998,2.2803508501982708,7.51096,0.00424,0.0,33.333,66.667,0.0,0.0,11.11301,20.18771,9,6.467,9.30088,0.0,54.286000000000001,45.713999999999999,2.0,-1.0283720262241587,1,118.0,118,118,11.693198836292954,11.693198836292954,0.0,1191.0043154428354,89.555555555555557,9.4633797110522604,29.00763,22.1374,4,3,16.571,17.143,8.571,4.571
98696,1481,185,1481_185,434,9.40854,0.0,9.40854,0.0,12.051,9.40854,4083.3071,22.92706,22.92706,180.0,11,11,2.535,2.535,54.819158809338951,1.103951198647654,0,1,1.843,2.304,111.80140948632345,116.56505117710893,116.56505117710893,116.56505117710893,126.02737338511014,126.86989764586031,134.99999999997422,143.13010235418091,164.74488129694814,171.86989764583345,0.7615773105864782,0.44721359550008505,0.44721359550008505,0.44721359550008505,0.447213595499977,0.1000000000003638,0.09999999999990905,0.49999999999983513,0.5099019513592773,0.5000000000000732,9.50095,0.00031,22.222,33.333,11.111,0.0,33.333,5.61769,56.80665,10,4.14,12.76315,18.433,43.317999999999998,38.249000000000002,13.0,-0.2455749128495607,6,50.0,19,100,1.1310222086778634,29.210414996619129,525.83932211418346,668.07372085411714,369.55555555555549,19.223827807061618,38.92405,31.01266,2,2,2.995,3.687,1.152,1.152
98697,1481,186,1481_186,456,7.41801,0.0,7.41801,0.0,13.846,7.41801,3382.61059,17.75303,17.75303,180.0,11,10,2.412,2.193,32.482906567165962,1.1636532133422957,0,1,5.702,7.237,101.30993247402179,101.30993247404527,108.43494882292201,108.43494882292201,111.3179122754598,118.44292862436541,124.8244891569569,131.63353933656938,135.00000000000003,135.00000000000102,0.22360679774997896,0.22360679774997896,1.1313708498984922,1.1313708498984922,0.36055512754640895,1.2206555615733636,1.2529964086141592,1.131370849898462,0.10000000000013642,0.09999999999999432,7.53155,0.00023,10.0,20.0,20.0,10.0,40.0,0.12714,24.38367,12,5.021,9.49821,6.5789999999999997,50.658000000000001,42.762999999999998,6.0,-0.34059166866676804,7,46.714285714285715,7,108,0.35939548711228381,13.380813250769362,470.29758977945636,470.52105703425508,317.58333333333331,17.82086791750989,34.47293,34.47293,2,1,8.991,10.746,3.728,2.632
98698,1481,187,1481_187,229,5.49292,0.00777,5.49292,0.00777,24.401,5.49292,1257.87953,14.85698,14.85698,180.0,4,5,1.747,2.183,19.804339474119029,1.947136578628119,0,3,12.227,11.79,114.44395478041832,122.47119229084967,126.02737338510345,129.28940686249908,141.08469386526912,148.0311574626721,149.48976259388394,175.0497277657073,175.27201218115812,180.0,0.0999999999999659,1.1000000000000227,0.6000000000000227,1.4212670403551926,1.118033988749915,1.118033988749915,1.140175425099163,1.140175425099163,1.140175425099163,1.0,5.48015,0.00659,0.0,0.0,60.0,0.0,40.0,0.63999,19.92474,7,3.981,6.82548,0.0,47.597999999999999,52.402000000000001,3.0,-0.6696907344791504,3,46.666666666666664,7,108,0.38063296247202288,13.330892805367831,423.82008192293625,379.90671783371778,16.239999999999998,4.029888335921977,25.9887,24.29379,3,3,16.157,16.594,5.677,5.677
98699,1481,188,1481_188,518,8.01622,-0.0,8.01622,-0.0,8.81,8.01622,4152.39967,19.59413,19.59413,180.0,9,11,1.737,2.124,47.883511795398412,0.91074402263839183,0,1,4.247,5.985,90.0,93.442569008309249,95.194428907729474,95.19442890773054,114.44395478041832,126.0273733850948,148.03115746268455,150.55457127008128,180.0,180.0,2.2999999999999545,6.053924347066115,1.1045361017188537,0.1999999999998181,0.20000000000004547,0.2236067977497756,1.118033988749854,1.216552506059659,0.29999999999972715,0.29999999999972715,8.12749,0.00018,9.091,27.273,27.273,0.0,36.364,0.11116,52.21761,17,3.887,12.4156,11.583,44.787999999999997,43.628999999999998,17.6,-0.46924138082678,5,65.200000000000003,29,184,25.591680817244093,14.493545645339049,867.32180514264064,818.28878443698045,879.22222222222229,29.651681608674782,29.39394,37.27273,2,2,8.494,8.687,2.124,2.124
98700,1481,189,1481_189,652,7.86806,-0.0,7.86806,-0.0,11.212,7.86806,5129.97611,20.05692,20.05692,180.0,16,20,2.454,3.067,40.369482119880843,0.78091678571990786,0,2,1.227,1.534,123.690067526018,130.60129464497075,135.00000000002171,137.12109639666133,138.36646066343638,143.13010235416903,146.3099324740169,153.43494882290247,153.43494882291907,171.86989764583356,0.14142135623740196,0.41231056256161164,0.10000000000013642,1.3416407864998738,0.5385164807134567,0.4472135954999579,0.5099019513592773,0.09999999999990905,0.4999999999999773,0.42426406871188427,7.95688,0.00011,7.143,28.571,21.429,14.286,28.571,0.20159,39.43349,16,3.491,10.55354,18.405000000000001,40.491,41.103999999999999,14.6,-0.13846761551849732,9,51.777777777777779,5,183,4.3935330627399924,26.825823927597217,498.40848044520448,558.56725098183892,448.6875,21.182244923520265,39.33054,38.70293,3,2,3.067,3.221,1.074,1.074
98701,1481,19,1481_19,574,17.73576,-0.0,17.73576,0.0,6.578,17.73576,10180.32809,30.2,30.2,180.0,7,6,1.22,1.045,66.544566704159195,1.7722615895223588,1,4,14.111,15.157,95.194428907728408,95.194428907738555,95.194428907738555,100.30484646876501,140.19442890772842,161.56505117701283,169.61114218454316,174.88958243897486,180.0,180.0,1.1045361017190802,0.10000000000013642,0.10000000000013642,0.20000000000004547,1.1045361017190802,0.31622776601690983,1.1045361017190802,1.1180339887502202,0.20000000000004547,0.20000000000004547,17.965,0.00055,83.333,8.333,0.0,0.0,8.333,1.17388,37.75331,13,10.882,19.40055,1.742,50.0,48.258000000000003,3.0,-0.6696907344787745,1,517.0,517,517,36.819245796318889,36.819245796318889,0.0,10160.751573104602,400.0,20.0,28.05344,25.76336,7,6,18.467,18.467,7.666,9.233
98702,1481,190,1481_190,329,8.68777,0.0003,8.68777,0.0003,12.511,8.68777,2858.27599,18.15406,18.15406,180.0,6,6,1.824,1.824,33.662731437239245,0.87253908323134022,0,1,6.991,6.687,90.0,95.194428907736409,95.194428907736409,95.194428907736409,100.30484646876423,100.30484646876423,125.53767779197902,180.0,180.0,180.0,0.09999999999999998,0.19999999999998863,0.19999999999998863,0.19999999999998863,1.118033988750027,1.118033988750027,1.2649110640673877,0.0999999999999659,0.0999999999999659,0.0999999999999659,8.95065,0.00098,0.0,42.857,28.571,0.0,28.571,0.15986,38.38823,9,5.614,11.74776,0.0,54.710999999999999,45.289000000000001,0.0,0,1,241.0,241,241,10.87770072202316,10.87770072202316,0.0,2831.2108689329666,324.0,18.0,36.09959,28.21577,3,3,10.942,13.374,2.128,2.736
98703,1481,191,1481_191,186,8.86533,0.0,8.86533,0.0,13.771,8.86533,1648.95055,19.03182,19.03182,180.0,4,3,2.151,1.613,47.109820507788008,2.0605837877949607,0,1,5.376,6.452,78.690067525968516,78.690067525978122,82.874983651129767,85.601294645003321,86.185925165680544,86.633539336544359,94.398705355022543,97.12501634893988,98.426969021438964,101.30993247405445,0.28284271247460296,1.081665382639285,0.14142135623726126,1.3038404810404862,0.14142135623742205,1.204159457879173,0.22360679774997896,1.1401754250991678,0.22360679774997896,0.14142135623742205,8.98657,0.00032,25.0,25.0,25.0,0.0,25.0,0.22999,25.70337,8,5.65,12.43645,5.3760000000000003,47.848999999999997,46.774000000000001,10.0,-0.43040857713186337,1,125.0,125,125,17.990774760091224,17.990774760091224,0.0,1624.2237821105741,0.0,0.0,42.74809,33.58779,1,1,9.14,9.677,2.688,2.688
98704,1481,192,1481_192,420,10.07915,-0.0,10.07915,-0.0,11.049,10.07915,4233.24313,22.01022,22.01022,180.0,8,8,1.905,1.905,51.06758607771296,1.4619237157066003,0,0,9.286,9.048,90.0,90.0,105.25511870305529,106.26020470830883,114.44395478041832,114.44395478041832,116.56505117707799,119.74488129682399,135.00000000000324,165.86089168834056,0.09999999999990905,0.09999999999990905,0.09999999999990905,0.2236067977497756,1.2083045973593745,1.2083045973593745,1.2000000000000455,0.14142135623750243,0.2236067977497756,1.208304597359478,10.28527,0.00033,11.111,55.556,0.0,22.222,11.111,1.54839,54.89616,14,5.061,13.49474,4.7619999999999996,50.951999999999998,44.286000000000001,14.5,-0.9259213781451548,4,76.75,20,124,11.408487745666136,9.7111955708740769,619.65032529379812,1048.4143303175629,184.2222222222222,13.572848714334887,33.44051,27.65273,6,2,13.095,12.619,5.0,5.476
98705,1481,193,1481_193,396,9.19877,0.00056,9.19877,0.00056,10.102,9.19877,3642.71158,18.30956,18.30956,180.0,7,7,1.768,1.768,44.067692728359006,1.107670493292167,0,1,5.051,5.556,78.690067525973831,78.690067526027391,90.000000000024428,108.43494882292526,153.43494882289596,153.43494882292853,153.43494882294806,161.56505117701937,161.56505117707147,180.0,0.36055512754657554,1.1401754250992078,0.14142135623722107,0.09999999999990905,0.09999999999990905,0.4472135955000342,0.22360679775023318,0.14142135623726126,0.22360679774982645,0.09999999999990905,9.30161,0.00108,12.5,37.5,12.5,12.5,25.0,2.69394,35.85729,10,4.077,12.36884,12.625999999999999,44.948999999999998,42.423999999999999,29.0,-0.6092963602751048,5,58.0,5,152,0.184524983401082,12.352350656726145,707.72762714440466,722.02966560739333,345.5,18.587630295441105,33.90411,32.19178,1,1,8.333,10.606,1.768,2.778
98706,1481,194,1481_194,657,5.2735,0.00162,5.2735,0.00162,26.49,5.2735,3464.69102,17.07923,17.07923,180.0,8,8,1.218,1.218,30.090736527488115,0.85379040776806026,0,3,6.393,7.002,176.18592516571309,179.99999914622637,180.0,180.0,180.0,180.0,180.0,180.0,180.0,180.0,1.0630145812736318,0.22360679775008066,0.14142135623718088,0.14142135623718088,0.14142135623718088,0.14142135623718088,0.14142135623718088,0.14142135623718088,0.14142135623718088,0.14142135623718088,5.27813,0.00082,0.0,35.714,7.143,0.0,57.143,0.20669,10.22317,18,2.202,9.90062,4.5659999999999998,48.857999999999997,46.575000000000003,4.5,-0.3056468630305972,2,143.0,6,280,1.1106826901560758,6.9013296006675899,1567.1095646732444,1590.8349819120283,2081.333333333333,45.62163229580166,34.84848,37.27273,4,3,12.024,12.329,2.435,2.74
98707,1481,195,1481_195,352,7.55544,0.0,7.55544,0.0,11.323,7.55544,2659.51326,19.72055,19.72055,153.435,8,10,2.273,2.841,36.305822067714182,1.6976625622338388,0,3,6.25,6.818,81.869897645831003,86.820169880126755,87.077962895953519,90.0,90.0,95.194428907734689,95.194428907735244,101.41470064231355,115.01689347807412,119.74488129697733,1.118033988749895,1.1401754250991478,6.824954212300679,0.10000000000002274,0.10000000000002274,0.09999999999999432,0.10000000000000853,13.200378782444131,0.14142135623742205,0.14142135623726126,7.63969,3e-05,0.0,28.571,42.857,14.286,14.286,3.35043,42.45798,7,4.539,10.56425,5.6820000000000004,48.863999999999997,45.454999999999998,16.0,-0.45842046945908993,4,62.0,10,175,10.00922524278667,21.847709735248159,724.2209378169631,657.62485289585004,672.1875,25.926579026165406,30.12048,28.51406,5,4,8.807,9.943,4.261,2.557
98708,1481,196,1481_196,767,10.70891,0.00013,10.70891,0.00013,6.623,10.70891,8213.73696,20.6228,20.6228,180.0,10,9,1.304,1.173,38.397298601837342,0.74325772642599974,0,2,6.649,7.04,85.426078740126783,88.451842301091688,89.999999999973952,98.746162262547671,99.462322208016815,99.462322208037946,100.30484646877854,105.25511870306781,111.80140948635632,180.0,0.41231056256183224,1.170469991072316,1.118033988749895,0.09999999999990905,0.3000000000001819,1.2165525060597335,1.1180339887500779,1.140175425099098,0.09999999999990905,0.09999999999990905,10.81408,6e-05,35.294,11.765,23.529,11.765,17.647,0.05135,27.02795,21,7.355,12.50085,7.8230000000000004,47.197000000000003,44.979999999999997,16.0,-0.6075374420166298,5,128.59999999999999,9,262,1.1297725452254215,16.41684809993799,1643.9111863631847,1631.2342766127788,339.1875,18.417043736713012,35.3211,33.63914,3,2,10.3,10.821,2.477,2.477
98709,1481,197,1481_197,590,8.76169,0.00068,8.76169,0.00068,10.388,8.76169,5169.39934,17.77751,17.77751,180.0,10,15,1.695,2.542,32.901026844973117,0.80551601174174459,0,1,2.034,1.525,96.911227119017383,105.25511870306781,108.43494882289595,123.69006752595975,132.2736890061253,135.00000000000003,140.19442890773487,153.4349488228647,174.09385888621222,179.99999914622637,0.41231056256183224,0.22360679775028403,0.31622776601698177,0.3605551275462602,0.8246211251234438,0.1999999999998181,0.10000000000000142,0.7071067811865797,0.4123105625619425,0.41231056256183224,8.84204,0.00094,0.0,46.154,23.077,7.692,23.077,0.08734,29.71264,17,4.576,11.10571,16.949000000000002,41.863999999999997,41.186,26.0,-0.40424133816657665,8,56.25,5,159,0.54965387506834662,8.0224899572391806,603.65366594010584,635.66053643726423,268.77551020408163,16.394374346222598,39.65142,37.47277,2,1,3.729,3.729,1.525,0.678
98710,1481,198,1481_198,1739,13.85183,0.00012,13.85183,0.00012,7.537,13.85183,24088.32577,32.22996,32.22996,180.0,37,40,2.128,2.3,68.300556560000032,1.1763570092024433,1,3,5.463,5.635,180.0,180.0,180.0,180.0,180.0,180.0,180.0,180.0,180.0,180.0,0.0999999999999659,0.0999999999999659,0.0999999999999659,0.0999999999999659,0.0999999999999659,0.0999999999999659,0.0999999999999659,0.0999999999999659,0.0999999999999659,0.0999999999999659,13.93027,9e-05,42.105,23.684,23.684,0.0,10.526,0.12609,98.12368,45,7.818,16.55843,5.75,48.418999999999997,45.831000000000003,15.75,-0.8757121565735777,11,130.72727272727272,17,337,1.0911021152134455,27.963037794172863,1817.1498463989674,2178.4600713788382,577.28999999999996,24.026859969625662,36.46409,36.04972,6,5,8.281,10.121,2.818,2.53
98711,1481,199,1481_199,448,9.08178,0.00032,9.08178,0.00032,9.995,9.08178,4068.6362,18.97894,18.97894,180.0,10,12,2.232,2.679,39.995384853242157,0.5945445343228547,0,0,0.893,0.893,90.000000000014651,94.610649318658119,101.30993247403525,104.03624346791499,104.03624346794564,108.43494882294156,116.56505117705194,126.86989764584142,135.00000000001629,168.6900675259898,0.44721359549998335,0.7280109889280377,0.10000000000013642,0.09999999999990905,0.8246211251235541,0.14142135623724117,0.09999999999990905,0.4999999999999545,0.39999999999997726,0.5099019513592606,9.25139,0.0003,11.111,44.444,22.222,0.0,22.222,0.72622,42.59098,10,4.159,12.12464,26.786000000000001,39.063000000000002,34.152000000000001,16.5,-0.36596907700392645,4,82.0,37,169,17.839305994606907,10.312431038099801,538.40278683297424,1008.3870932111498,308.22222222222223,17.556258776351591,40.54054,42.04204,1,0,3.125,2.902,0.446,0.223
98712,1481,2,1481_2,407,9.48782,0.00035,9.48782,0.00035,17.034,9.48782,3861.54134,53.54484,53.54484,180.0,7,8,1.72,1.966,55.129101195510394,21.132751313321307,0,19,12.776,11.057,134.42127443439983,135.50156640214487,146.02345596375008,152.11577148635803,153.43494882289596,161.56505117711711,161.56505117714968,164.51405173835343,167.43237969688741,171.86989764594759,1.0770329614269345,13.445073447177599,1.2369316876853864,36.196270526119136,0.22360679774982645,0.14142135623734164,0.22360679775023318,19.108375127153035,53.54484102133464,0.5000000000000455,9.58467,0.00055,11.111,44.444,22.222,0.0,22.222,0.09093,78.10407,12,7.265,12.13731,7.3710000000000004,46.683,45.945999999999998,0.0,0,4,76.0,34,104,14.123304562761575,16.891538747239114,473.74977265330045,952.11023929728799,1225.0,35.0,25.39683,27.93651,22,19,17.936,16.216,8.845,7.125
98713,1481,20,1481_20,380,5.9614,0.0,5.9614,0.0,13.055,5.9614,2265.33036,15.27416,15.27416,180.0,11,8,2.895,2.105,26.418156357739019,0.42784994085019556,0,0,0.789,0.789,90.0,90.0,90.0,96.340191745919839,101.30993247403525,108.43494882292364,139.57392125989236,153.43494882290247,158.19859051365495,162.57013718233563,0.5,0.5,0.5,0.14142135623722107,0.10000000000013642,0.39999999999997726,0.6082762530298668,0.31622776601678404,1.0770329614268501,1.1180339887498694,6.08482,0.00021,0.0,25.0,12.5,12.5,50.0,0.11746,27.87971,8,1.737,8.65358,23.684000000000001,41.316000000000003,35.0,55.0,-0.22609785642585714,6,41.333333333333336,7,107,0.41375368103806448,6.0452187383233271,460.42235171823768,366.35225061182223,494.47222222222234,22.23673137451236,47.45098,36.07843,0,0,2.368,2.105,0.0,0.0
98714,1481,200,1481_200,430,9.95539,0.0,9.95539,0.0,9.416,9.95539,4280.81766,19.42884,19.42884,180.0,6,9,1.395,2.093,39.778537534367238,1.2145120466981458,0,1,6.279,6.744,89.999999999947889,95.19442890773054,103.67130713219576,105.2551187030618,115.01689347823221,117.95096902789015,119.74488129694224,131.98721249581666,168.69006752593967,171.86989764583092,1.118033988749895,1.1045361017186273,1.204159457879229,1.1401754250995368,1.1704699910723355,1.2369316876852985,1.140175425099138,1.3453624047073711,0.5099019513593499,0.2236067977497756,10.18611,0.00057,22.222,44.444,11.111,0.0,22.222,0.71367,23.71819,9,4.51,12.21118,4.6509999999999998,47.209000000000003,48.140000000000001,20.5,-0.34260507204290513,4,86.0,9,164,0.1167722924986197,13.656264326671346,860.26411401212829,1061.1657112932601,472.88888888888891,21.746008573733455,31.6092,38.21839,4,3,9.767,10.233,3.488,3.023
98715,1481,21,1481_21,421,10.51997,0.00053,10.51997,0.00053,13.233,10.51997,4428.90779,23.23639,23.23639,180.0,5,4,1.188,0.95,66.235697323263253,1.2238820690886356,0,4,9.026,9.739,105.2551187030663,105.2551187030663,106.26020470829528,106.26020470834739,108.43494882292526,121.13310317050089,135.64374571418097,140.83949231151678,142.48503895037311,155.92450174492214,1.1401754250992078,1.1401754250992078,1.1180339887498847,1.1180339887498847,1.2649110640674237,1.2529964086141432,0.41231056256185983,1.7691806012952982,1.1045361017187405,2.302172886644275,10.69956,0.00067,33.333,22.222,0.0,11.111,33.333,0.34409,30.88853,8,4.441,13.70764,2.375,50.831000000000003,46.792999999999999,10.0,-0.34199502484488997,3,102.66666666666667,5,277,0.30851477275708422,36.106698134944551,1944.7146001865817,1447.8610920801511,309.84000000000003,17.602272580550501,37.10692,31.13208,6,5,12.352,15.677,4.513,4.751
98716,1481,22,1481_22,365,9.40442,0.00248,9.40442,0.00248,10.012,9.40442,3432.61228,18.79495,18.79495,164.745,12,11,3.288,3.014,38.046032824680488,1.2442438104428371,0,1,2.74,2.466,74.744881296937905,77.471192290871826,78.69006752598132,82.998732442506082,89.999999999997826,101.30993247397427,104.30027744918485,114.34108993669267,123.69006752598369,161.56505117706169,0.22360679775001868,0.41231056256179777,0.36055512754635477,0.5830951894845036,1.118033988749895,0.36055512754642177,2.4041630560342857,2.061552812808855,0.36055512754636065,0.14142135623722107,9.54447,0.00054,0.0,25.0,62.5,0.0,12.5,0.02635,39.01465,12,5.528,11.76393,13.699,46.027000000000001,40.274000000000001,15.67,-0.3208271445977902,4,69.75,15,158,11.507737362859055,16.725316053989104,750.81561149747426,848.74990727590034,518.0,22.759613353482084,37.24138,33.7931,1,1,5.479,4.384,1.096,1.644
98717,1481,23,1481_23,251,11.67285,0.05259,11.67285,0.05259,6.429,11.67285,2929.88469,17.22905,17.22905,86.386,7,7,2.789,2.789,15.996148376156917,1.5401372533432376,0,2,3.984,3.187,25.56580750682053,27.686334497874341,29.968535484220546,32.396776860346286,33.252876272676112,35.124786146827702,40.625181155368665,53.319587498854752,55.00797980144133,63.138082155597303,8.039900496896712,8.041144197189828,10.783784122468331,5.866856057549074,3.6235341863986847,12.83160161476345,6.082762530298222,4.707440918375936,1.2206555615733703,0.7071067811865472,11.80716,0.05563,0.0,60.0,40.0,0.0,0.0,2.30911,21.42258,5,9.369,12.13325,11.952,47.808999999999997,40.238999999999997,0.0,0,0,0,0,0,0,0,0.0,0.0,0.0,0.0,43.15353,39.00415,4,2,5.179,4.781,1.594,2.39
98718,1481,24,1481_24,639,7.97777,-0.0,7.97777,-0.0,13.223,7.97777,5097.79636,19.57882,19.57882,180.0,17,12,2.66,1.878,42.862946155179195,0.71206416352452895,0,2,0.939,0.939,116.56505117705194,116.56505117707962,126.86989764585445,158.19859051362124,164.74488129695072,167.47119229083057,170.83765295428333,177.02626891752266,180.0,180.0,0.4472135954999579,0.22360679774996944,0.500000000000182,0.5385164807135517,0.4472135954999579,0.4123105625617219,0.5830951894843897,0.6403124237433416,0.09999999999990905,0.09999999999990905,8.07308,0.00071,0.0,42.857,14.286,21.429,21.429,0.19365,55.40837,15,3.508,11.97243,23.474,38.185000000000002,38.341000000000001,26.25,-0.34548030928210205,6,69.333333333333329,38,171,11.254979724572454,12.261068941730532,517.98390420489091,835.33366392776395,466.22222222222223,21.592179654268861,38.66348,36.03819,2,2,3.443,3.286,0.626,0.626
98719,1481,25,1481_25,672,10.58504,0.0,10.58504,0.0,6.485,10.58504,7113.14508,21.3122,21.3122,180.0,14,13,2.083,1.935,55.876121939098802,0.98823163862746255,0,1,3.423,3.72,85.23635830927293,90.0,105.2551187030618,119.74488129670975,149.03624346793896,161.5650511771822,180.0,180.0,180.0,180.0,0.2999999999999545,1.2000000000000455,1.1401754250995368,0.14142135623718088,0.4123105625617357,0.31622776601683794,0.10000000000002274,0.10000000000002274,0.10000000000002274,0.10000000000002274,10.64688,5e-05,28.571,35.714,14.286,0.0,21.429,0.02924,30.77652,16,5.878,14.38388,19.344999999999999,43.304000000000002,37.350999999999999,9.0,-0.9797904266715469,3,164.0,36,411,13.353656672193855,20.792607627116961,2672.3323195497728,2363.7510185369415,5760.2222222222226,75.896127847356098,40.36511,35.90264,2,1,5.655,6.994,1.786,1.042
98720,1481,26,1481_26,224,5.60592,0.0,5.60592,0.0,12.863,5.60592,1255.72697,14.40555,14.40555,165.303,3,4,1.339,1.786,19.243795151210016,1.3873689294367231,0,1,3.125,3.125,75.963756532054376,75.963756532054376,75.963756532086933,77.905242922991405,78.690067525989804,80.537677791982304,90.0,90.0,100.15426658020625,104.21585347368259,0.41231056256177706,0.41231056256177706,0.41231056256177706,1.8973665961010098,0.20000000000004547,0.5,0.5,0.5,0.9055385138138345,0.6403124237433416,5.60493,0.00051,0.0,25.0,25.0,25.0,25.0,1.63361,6.90476,4,2.681,7.43819,22.321000000000002,37.945999999999998,39.731999999999999,0.0,0,3,53.666666666666664,23,99,0.4393219696107421,7.6279085693771576,391.56364180585643,409.36298467383318,0.0,0.0,40.36145,39.75904,1,1,7.143,7.143,1.339,0.446
98721,1481,27,1481_27,960,4.58943,0.00015,4.58943,0.00015,12.421,4.58943,4405.85526,20.02498,20.02498,180.0,15,14,1.563,1.458,39.850160799355116,0.30556024392978137,0,2,0.313,0.625,116.56505117705194,120.96375653212334,123.6900675259397,126.86989764584924,135.0,162.8972710309379,163.73979529170364,180.0,180.0,180.0,0.09999999999990905,0.41231056256188736,0.3605551275464494,0.4999999999998636,0.09999999999990905,0.5000000000000455,0.5000000000000455,0.10000000000013642,0.10000000000013642,0.10000000000013642,4.61148,0.00016,0.0,23.81,14.286,0.0,61.905,0.00702,59.39342,27,1.604,12.13342,61.457999999999998,20.625,17.917000000000002,6.33,-0.5381547504294012,3,116.66666666666667,5,210,0.32212261595212771,10.511555104012761,1067.8564690087139,1435.1159158827684,59780.25,244.5,46.19718,38.59155,2,2,1.458,1.042,0.208,0.313
98722,1481,28,1481_28,373,10.07884,-0.0,10.07884,-0.0,7.695,10.07884,3759.40897,20.58276,20.58276,180.0,9,6,2.413,1.609,34.9181281782989,2.2639041232359292,0,2,6.971,7.239,62.592424562178053,65.443535901524797,68.198590513643694,74.744881296944442,74.931511840504484,81.758681794688499,101.30993247401756,130.2363583093109,153.43494882288294,161.56505117707943,1.3601470508734692,20.582759776084462,0.09999999999990905,0.10000000000002274,0.2236067977500203,8.459905436823764,1.1401754250991274,0.14142135623726126,0.3162277660170177,0.22360679775001868,10.20518,0.00039,12.5,37.5,37.5,0.0,12.5,0.63407,50.84859,7,4.82,12.22785,8.0429999999999993,49.061999999999998,42.895000000000003,20.0,-0.8944271909999157,3,100.66666666666667,67,163,14.984277179155344,11.66251245482081,633.43628793844687,1245.5906180979821,420.25,20.5,38.56209,32.02614,4,2,10.724,11.26,4.558,3.217
98723,1481,29,1481_29,455,11.08249,0.00256,11.08249,0.00256,11.979,11.08249,5042.53132,22.26477,22.26477,180.0,10,5,2.198,1.099,46.528846270281811,1.0013343044321541,0,1,5.934,5.495,90.0,90.000000000057,98.426969021508484,99.246112745521373,101.30993247399518,101.30993247404527,104.03624346786518,104.03624346799545,134.99999999998371,179.99999914622637,1.5,1.1313708498985726,1.2206555615733963,0.3605551275464494,1.081665382639348,0.22360679774997896,0.14142135623734164,0.14142135623734164,0.5656854249492059,0.2236067977498773,11.28528,0.00178,20.0,40.0,20.0,0.0,20.0,0.26833,62.38593,7,5.662,13.10005,10.989000000000001,47.911999999999999,41.098999999999997,15.0,-1.2728266147665783,3,124.33333333333333,95,155,9.5825599918698945,23.376124136697392,557.59031577275312,1658.8442372676091,97.25,9.8615414616580104,40.15748,34.3832,3,2,9.89,10.33,2.857,2.198
98724,1481,3,1481_3,734,5.6279,0.00019,5.6279,0.00019,24.333,5.6279,4130.8752,22.31815,22.31815,180.0,14,11,1.907,1.499,37.977815469507526,1.8476820277732926,0,4,8.583,9.401,179.99999879258175,179.99999914622637,179.99999914622637,179.99999914622637,180.0,180.0,180.0,180.0,180.0,180.0,0.14142135623732158,0.44721359549993256,0.44721359549993256,0.44721359549993256,0.14142135623726126,0.14142135623726126,0.14142135623726126,0.14142135623726126,0.14142135623726126,0.14142135623726126,5.66084,0.00064,0.0,18.75,31.25,6.25,43.75,0.05899,80.49026,16,3.988,10.17522,9.5370000000000008,47.411000000000001,43.052,6.5,-0.5255834680431735,12,30.916666666666668,5,81,0.45543883728774404,12.927134243742552,295.5012860561564,327.75689512133073,1736.5,41.671333072029263,25.64103,24.35897,11,4,11.172,15.531,4.768,4.905
98725,1481,30,1481_30,323,12.05303,0.00044,12.05303,0.00044,7.322,12.05303,3893.13015,22.77982,22.77982,111.801,9,8,2.786,2.477,30.545752111326088,2.6889832495634769,0,4,7.43,7.121,45.000000000032564,45.000000000032564,53.707370271525868,56.88865803963207,58.190610712211971,66.801409486317567,71.565051177074366,71.730486076852259,77.471192290810308,104.03624346791435,0.14142135623726126,0.14142135623726126,2.9546573405388914,0.7615773105864595,1.2206555615733963,1.0770329614267657,0.2236067977500298,5.1312766442669675,1.236931687685221,0.1999999999998181,12.20315,0.00106,28.571,42.857,14.286,14.286,0.0,1.13947,38.31849,6,8.662,12.77192,3.0960000000000001,44.271999999999998,52.631999999999998,15.33,-0.6657199115828609,3,99.666666666666671,17,145,16.565331950527511,18.625743696485689,762.30791985042117,1292.7448285673529,20.25,4.5,29.60526,38.81579,8,5,12.693,12.384,4.025,4.644
98726,1481,31,1481_31,628,12.172,-0.0,12.172,-0.0,12.628,12.172,7644.01666,23.96331,23.96331,176.634,10,11,1.592,1.752,68.675511562415679,1.2522487212046705,0,3,5.573,6.847,110.55604521958341,110.55604521958347,120.96375653206971,120.96375653206971,144.68878656036736,153.0779703921757,165.96375653207738,168.69006752599583,169.50852298766839,172.8749836510982,0.14142135623730948,1.208304597359457,1.1661903789690133,1.1661903789690133,1.3152946437966,2.3600847442409503,0.0999999999999659,1.118033988749895,1.077032961426901,0.5099019513592785,12.36328,0.0006,46.154,15.385,15.385,0.0,23.077,0.54801,44.84573,13,5.641,15.51243,4.7770000000000001,49.363,45.859999999999999,7.0,-0.8951874418317227,4,120.0,9,396,1.5521840781878395,28.017281586077956,2794.1306140317247,1891.1982891176274,392.56000000000006,19.813126961688809,37.21881,34.35583,4,3,10.032,11.943,2.548,2.866
98727,1481,32,1481_32,1131,5.41535,0.0002,5.41535,0.0002,18.441,5.41535,6124.75653,21.44784,21.44784,180.0,18,20,1.592,1.768,32.915422703192654,1.0194185409391376,0,1,5.836,9.726,173.35848086198843,180.0,180.0,180.0,180.0,180.0,180.0,180.0,180.0,180.0,1.2206555615733705,0.1000000000003638,0.1000000000003638,0.1000000000003638,0.1000000000003638,0.1000000000003638,0.1000000000003638,0.1000000000003638,0.1000000000003638,0.1000000000003638,5.45684,5e-05,4.0,12.0,12.0,8.0,64.0,0.02938,34.03359,42,2.771,9.09935,7.9580000000000002,47.921999999999997,44.119999999999997,3.0,-0.7282373726693957,14,43.642857142857146,12,96,5.1607834862991426,20.750249452133264,420.05477947914596,418.57795488482952,1794.8826530612239,42.366055434288711,28.83436,31.90184,6,2,10.345,13.351,2.829,3.802
98728,1481,33,1481_33,440,6.38896,0.00023,6.38896,0.00023,14.604,6.38896,2811.14296,16.90562,16.90562,180.0,8,9,1.818,2.045,28.253378398421386,0.96416522177930564,0,0,7.045,9.318,119.74488129693619,119.74488129697879,124.69515353123306,153.43494882293504,161.56505117709102,165.96375653205436,171.86989764585704,175.04972776570796,179.99999879258175,180.0,0.14142135623732158,1.1401754250992577,1.1180339887498925,0.2236067977498773,0.31622776601676605,0.41231056256177706,0.22360679774997896,1.1180339887500372,0.14142135623732158,0.10000000000002274,6.50649,3e-05,0.0,11.111,44.444,11.111,33.333,0.29039,44.20829,10,3.409,9.08665,6.8179999999999996,46.817999999999998,46.363999999999997,5.5,-0.4963663514218806,7,41.857142857142854,6,84,0.76696709784795791,9.9991487586198211,324.97047975494894,389.83162712818722,421.6875,20.535031044534605,28.80795,29.13907,0,0,12.045,13.864,2.273,2.273
98729,1481,34,1481_34,188,0.32378,-0.0,0.32378,-0.0,16.066,0.32378,60.87114,20.89593,20.89593,180.0,1,0,0.532,0.0,2.6770264868264557,3.4171782051076827,0,2,1.596,0.532,104.0362434679265,113.19859051364809,113.19859051364809,113.19859051364817,116.56505117707839,116.56505117707862,140.94686305397346,160.92515323652609,165.96375653207349,179.5502778425014,0.4123105625617661,0.5385164807134508,0.5385164807134508,0.141421356237309,0.14142135623731059,0.14142135623731025,3.3105890714493698,20.895932618574363,0.4123105625617661,7.696752561957543,0.33672,0.00012,0.0,0.0,0.0,0.0,100.0,0.01735,10.45146,4,0.338,10.63442,85.105999999999995,10.106,4.7869999999999999,10.0,-2.0672325820824384,0,0,0,0,0,0,0.0,0.0,6162.25,78.5,0.0,0.0,2,2,1.596,1.064,1.596,0.532
98730,1481,35,1481_35,252,12.7013,0.00168,12.7013,0.00168,8.071,12.7013,3200.72759,22.07714,22.07714,94.399,5,6,1.984,2.381,51.200828186916581,2.2023220523457261,1,2,7.54,7.54,50.013113755036279,56.309932474010189,59.036243467923931,64.983106521891429,64.983106521905682,67.3801350519864,70.069587313192656,75.963756532004552,90.0,93.814074834286899,9.050966799187696,0.3605551275463863,0.4242640687118642,0.4242640687118642,1.170469991071908,2.9068883707498205,2.773084924772429,1.1661903789690133,0.09999999999990905,1.0630145812734606,12.90647,0.00412,80.0,0.0,0.0,0.0,20.0,2.55884,24.09774,10,8.926,15.6604,3.968,46.031999999999996,50.0,9.0,-0.23570226039550535,1,198.0,198,198,14.012028405332872,14.012028405332872,0.0,3169.4895990359919,380.25,19.5,33.00493,36.94581,3,2,10.714,11.508,5.159,5.159
98731,1481,36,1481_36,239,5.49555,0.00178,5.49555,0.00178,17.751,5.49555,1313.43764,18.20604,18.20604,161.565,2,3,0.837,1.255,19.316532433084941,2.235268760488307,0,1,12.971,15.063,83.41805534481405,88.181697035544147,94.398705354996295,99.462322208024744,100.00797980143959,110.55604521958934,125.53767779197439,153.43494882291768,153.43494882293177,154.98310652189846,1.170469991071976,1.1704699910718692,0.10000000000002274,1.216552506059687,0.14142135623734164,0.42426406871198474,0.14142135623734164,0.6708203932499878,0.10000000000002274,1.1313708498984518,5.42693,0.00382,0.0,0.0,40.0,40.0,20.0,0.23809,27.26718,7,4.373,7.59395,0.0,50.628,49.372,0.0,0,3,52.0,18,112,32.632848391936619,5.919618670647071,380.52661391423214,416.15272198255133,961.0,31.0,29.34132,24.5509,3,2,16.318,20.502,7.95,6.276
98732,1481,37,1481_37,529,9.63832,0.00178,9.63832,0.00178,10.779,9.63832,5098.67253,20.42988,20.42988,180.0,10,14,1.89,2.647,40.485917718395015,0.92280952513233083,0,2,2.647,2.647,94.5739212599007,94.763641690718089,97.125016348797587,98.130102354133825,101.3099324740077,116.56505117708451,135.0,146.30993247400019,151.389540334034,164.74488129697431,1.1661903789690609,0.5385164807133829,0.360555127546071,0.14142135623742205,0.3605551275462602,0.10000000000013642,0.22360679775018233,0.3605551275467016,1.2529964086141374,0.31622776601712554,9.77568,0.00053,18.182,36.364,9.091,18.182,18.182,3.50717,38.57939,11,4.57,12.52146,20.794,39.698,39.509,9.0,-0.8270606332759104,4,100.5,12,219,2.8283624909270149,13.833542982451076,1116.111403861499,1261.5373542625757,554.75,23.553131426627754,37.46898,37.71712,2,2,5.104,5.86,1.701,1.701
98733,1481,38,1481_38,469,7.4816,-0.0,7.4816,-0.0,16.969,7.4816,3508.87105,31.68107,31.68107,180.0,8,10,1.706,2.132,58.411163011091801,2.9336081753784167,0,5,5.33,5.33,145.00797980144125,146.30993247404024,168.69006752597602,168.69006752601734,168.69006752604244,171.86989764582154,172.50414236027297,175.23635830924746,180.0,180.0,2.4413111231467437,0.0999999999999659,0.3605551275462602,0.14142135623726126,0.360555127546607,0.2828427124748039,1.0630145812735943,0.5385164807134672,0.14142135623740698,0.14142135623740698,7.48054,0.00038,10.0,10.0,40.0,10.0,30.0,2.21157,95.571,17,3.681,12.47003,6.3970000000000002,49.040999999999997,44.563000000000002,12.67,-0.7620254157474857,7,36.857142857142854,19,60,2.7525021935983824,22.074740577732857,275.95887008280903,483.23170235680755,277.11111111111109,16.646654652245029,25.91241,26.64234,7,5,7.889,10.235,3.412,2.345
98734,1481,39,1481_39,539,9.68126,0.00216,9.68126,0.00216,14.902,9.68126,5218.20099,18.42281,18.42281,180.0,12,11,2.226,2.041,28.665531659246806,1.6898189281074649,0,5,10.019,10.946,153.43494882290898,154.53665493812801,161.56505117705848,168.69006752607623,175.03025927191732,177.27368900610745,179.99999879258175,179.99999879258175,180.0,180.0,0.09999999999990905,2.325940669922571,0.31622776601658625,0.14142135623754262,0.6403124237433062,0.36055512754654395,0.2828427124748039,0.2828427124748039,0.09999999999990905,0.09999999999990905,9.79486,0.00094,9.091,45.455,27.273,18.182,0.0,3.60929,39.45484,14,6.593,11.09229,3.7109999999999999,50.649000000000001,45.640000000000001,7.0,-0.3003334103103957,6,75.666666666666671,5,208,0.21925749708862813,13.077999764088956,907.21599668290355,858.3254409249671,539.55555555555554,23.22833518691246,32.40343,28.54077,11,7,13.358,15.213,7.421,6.865
98735,1481,4,1481_4,913,11.66167,0.00011,11.66167,0.00011,8.447,11.66167,10647.10488,22.13527,22.13527,180.0,24,21,2.629,2.3,53.726960058759595,0.33146769141221089,0,0,0.219,0.219,116.56505117707839,116.56505117707839,120.96375653208501,126.86989764582317,143.97262661487738,148.24051991518706,153.43494882292202,161.56505117709096,180.0,180.0,0.44721359549995,0.44721359549995,0.41231056256172194,0.5000000000005457,0.8602325267041147,0.6324555320336843,0.5,0.6324555320335321,0.09999999999990905,0.09999999999990905,11.77599,0.00034,35.0,30.0,5.0,10.0,20.0,0.03724,53.37991,15,4.693,14.05945,24.096,38.991999999999997,36.911000000000001,15.75,-0.14134958503697656,6,124.83333333333333,11,318,0.10646385914393042,31.806756830692063,1892.4788608762485,1763.7672189246096,1439.2,37.936789532062413,45.41833,43.29349,0,0,1.205,0.657,0.11,0.219
98736,1481,40,1481_40,397,9.73331,0.00294,9.73331,0.00294,11.355,9.73331,3864.12395,20.45336,20.45336,180.0,8,9,2.015,2.267,42.570087735519181,1.596961443443057,0,1,4.534,7.809,91.548157698970016,93.366460663434282,94.398705355027317,97.125016348921164,116.56505117707799,120.96375653207448,125.29334759066653,161.56505117709096,169.88270042118555,171.86989764585704,0.31622776601680197,1.2041594578792671,1.1661903789691304,0.22360679774997896,0.10000000000013642,0.1999999999999318,1.4317821063276273,0.09999999999990905,1.170469991071976,0.31622776601676605,9.80793,0.00096,12.5,37.5,25.0,12.5,12.5,1.18024,42.93483,11,4.704,12.62204,12.593999999999999,44.835999999999999,42.569000000000003,0.0,0,4,74.5,26,113,19.709429595781298,13.647247219955728,469.82066268785269,954.55084374172873,434.25,20.838665984174707,34.9835,33.33333,2,1,10.579,11.839,2.771,3.275
98737,1481,41,1481_41,317,9.0871,0.00357,9.0871,0.00357,14.719,9.0871,2880.61115,19.67257,19.67257,180.0,5,4,1.577,1.262,49.408499480071683,1.8818929206137325,0,1,7.571,6.625,108.43494882291805,108.43494882291866,110.19433424519005,127.87498365109819,131.63353933656049,155.62987994611973,165.04638930223555,168.69006752597991,172.37185033142148,175.03025927188122,0.10000000000000142,1.1313708498984418,2.5709920264364903,0.09999999999999998,0.09999999999990905,1.2083045973594568,5.478138369920934,0.36055512754642177,1.0630145812732592,0.3605551275463706,9.36493,0.00271,28.571,14.286,14.286,14.286,28.571,0.36038,36.61749,9,4.47,13.15989,9.4640000000000004,48.896000000000001,41.640000000000001,2.0,-1.0283720262242573,3,69.333333333333329,7,139,0.46658735914258209,15.391625552251122,764.83240879700634,929.8524411652046,107.84,10.384603988597735,32.24299,30.84112,1,1,11.041,12.303,3.785,3.785
98738,1481,42,1481_42,682,6.42482,0.0,6.42482,0.0,14.308,6.42482,4381.72512,19.3582,19.3582,180.0,8,9,1.173,1.32,42.710466870275575,0.85708122744754944,0,1,3.959,5.865,102.52880770915223,109.98310652190568,110.55604521958169,119.74488129701135,124.99202019855851,145.30484646876496,154.73690149550089,154.73690149550092,164.74488129694268,170.5376777919744,0.8246211251235266,0.29999999999972715,1.2083045973593745,0.14142135623734164,1.2206555615733679,1.2727922061357533,1.22065556157337,1.6124515496597098,1.1401754250991591,0.10000000000002274,6.50793,8e-05,6.667,6.667,40.0,0.0,46.667,0.05711,50.82363,16,2.636,10.97381,16.129000000000001,45.161000000000001,38.710000000000001,15.5,-0.5623774391991094,7,50.714285714285715,6,111,0.08820315528138184,17.924875889715121,516.45921868854032,600.09061771859945,798.1875,28.252212302756046,33.50515,32.47423,5,3,8.065,10.85,2.199,1.32
98739,1481,43,1481_43,977,10.91213,0.00114,10.91213,0.00114,14.017,10.91213,10661.15587,26.46205,26.46205,180.0,17,16,1.74,1.638,58.152045195953356,1.3619032363677039,0,4,10.542,10.952,167.90524292298161,168.69006752598014,169.54009090706012,172.87498365108814,173.35848086199223,173.65980825409656,173.65980825410068,179.99999879258175,179.99999879258175,180.0,0.2236067977497756,0.3605551275463991,2.267156809751472,0.7211102550927726,1.220655561573266,1.2806248474866833,0.6403124237432707,0.14142135623730964,0.14142135623730964,0.14142135623730775,11.01001,0.00107,28.571,19.048,19.048,9.524,23.81,0.83701,56.9947,22,5.644,13.02634,0.0,51.893999999999998,48.106000000000002,9.67,-0.6656417850456797,11,70.63636363636364,5,258,0.35984564034022143,25.824666542834922,1438.5965770777091,954.42651831345472,238.91358024691357,15.4568295664704,29.87654,28.76543,10,7,14.125,15.251,6.141,5.322
98740,1481,44,1481_44,334,7.61257,-0.0,7.61257,-0.0,13.967,7.61257,2542.59813,21.66887,21.66887,180.0,7,5,2.096,1.497,51.919358200665648,1.688854309171399,0,1,3.293,5.988,100.30484646876708,111.74077905447172,116.56505117707363,134.19730954803538,151.26020470830233,177.02626891752007,180.0,180.0,180.0,180.0,1.1180339887500372,4.7423622805517525,0.09999999999990905,1.7029386365926427,1.2649110640672079,0.9055385138137396,0.10000000000013642,0.10000000000013642,0.10000000000013642,0.10000000000013642,7.683,0.00042,0.0,42.857,0.0,28.571,28.571,0.13103,61.8841,13,2.895,11.89053,5.9880000000000004,50.598999999999997,43.412999999999997,18.0,-0.6574917080747276,5,41.200000000000003,11,61,14.585971728034053,17.464580295113528,295.43187060654589,498.2910964724224,539.75999999999999,23.232735525546705,33.80952,28.57143,2,1,6.287,10.18,2.096,2.395
98741,1481,45,1481_45,517,14.71396,0.00097,14.71396,0.00097,9.466,14.71396,7607.11618,24.77176,24.77176,180.0,4,8,0.774,1.547,54.927589243938449,1.4658847849484058,1,1,10.058,11.412,93.81407483439267,97.125016348900957,97.125016349014544,115.55996517173915,124.99202019855602,131.42366562500192,142.12501634891183,143.13010235413776,147.52880770916681,164.87599269170553,1.0630145812736318,1.140175425099098,0.1414213562375828,1.1401754250990084,1.2206555615733312,0.0999999999994543,0.10000000000002274,0.5000000000000909,1.118033988749895,1.0816653826396634,14.87438,0.00127,72.727,0.0,18.182,0.0,9.091,1.02604,22.56211,8,5.58,16.85428,0.0,50.677,49.323,13.0,-0.18805584731348382,2,223.5,9,438,0.41112704350959894,24.166926707849917,3751.189318936546,3782.6521336465444,376.22222222222223,19.396448701301541,31.84855,28.95323,2,1,14.894,14.894,5.222,6.77
98742,1481,46,1481_46,1304,14.42232,0.00015,14.42232,0.00015,5.514,14.42232,18806.7102,28.25615,28.25615,180.0,18,16,1.38,1.227,94.776691944782499,0.82477552474041205,0,2,5.828,7.362,95.194428907735883,100.30484646876187,100.30484646876187,100.30484646876187,111.80140948648479,115.01689347812285,153.4349488228178,180.0,180.0,180.0,0.10000000000002274,1.1180339887493254,1.1180339887493254,1.1180339887493254,1.2041594578799093,0.14142135623782398,0.22360679774997896,0.0999999999999659,0.0999999999999659,0.0999999999999659,14.49868,0.0001,53.571,7.143,10.714,14.286,14.286,0.00444,36.41045,23,4.444,17.91479,13.037000000000001,45.552,41.411000000000001,11.25,-0.16317603059829164,9,114.55555555555556,13,419,7.6456930845881761,25.305035529900376,3385.0897896624624,2081.8101450647869,1125.4722222222222,33.548058397204187,36.38968,34.57498,4,3,10.123,11.273,1.994,2.454
98743,1481,47,1481_47,428,9.59812,0.00033,9.59812,0.00033,9.519,9.59812,4107.99454,19.64306,19.64306,180.0,9,9,2.103,2.103,47.62098907702142,0.84857742798555014,0,1,0.935,0.701,101.30993247407284,105.25511870306704,108.43494882291549,108.43494882292852,114.77514056880744,143.13010235418724,163.73979529165416,165.96375653207787,168.69006752596832,169.69515353123398,0.14142135623726126,1.140175425099153,0.3162277660170177,0.10000000000002274,0.6403124237432707,0.10000000000002274,0.5000000000000455,0.5656854249492863,1.0816653826391274,0.4472135955000596,9.70692,8e-05,11.111,44.444,22.222,0.0,22.222,1.07382,61.30259,9,3.794,13.06129,21.027999999999999,40.186999999999998,38.784999999999997,25.0,-0.6323668850177594,4,76.75,31,184,13.902110448724006,11.139413746683045,889.06771947658865,1016.7140084665331,547.5,23.398717913595181,40.38462,36.21795,1,1,1.869,1.402,0.701,0.467
98744,1481,48,1481_48,419,9.89053,0.0,9.89053,0.0,11.577,9.89053,4144.13059,22.11108,22.11108,180.0,11,9,2.625,2.148,47.639610158798241,1.0492653646691981,0,0,5.012,5.489,97.125016348837661,97.125016348967947,100.00797980142549,104.03624346796049,108.43494882288944,109.44003482820125,120.9637565320721,158.19859051364728,171.86989764584143,180.0,1.1401754250992377,1.1401754250992377,0.14142135623722107,1.1661903789690424,0.14142135623726126,1.1401754250992377,0.0999999999999659,1.118033988749895,0.999999999999909,0.14142135623722107,10.06627,0.00027,0.0,55.556,22.222,11.111,11.111,0.53815,68.8841,11,4.986,12.90682,7.1600000000000001,47.970999999999997,44.869,13.0,-1.3094716941858262,4,79.25,35,133,14.895090697105434,14.005661276289123,563.27657000618058,1026.092057363378,273.6875,16.543503256565703,29.24528,30.50314,0,0,9.308,10.74,2.387,1.432
98745,1481,49,1481_49,173,6.10595,0.00698,6.10595,0.00698,28.353,6.10595,1056.32945,49.44189,49.44189,180.0,1,2,0.578,1.156,55.905633755111459,24.951717446757293,0,8,21.387,19.075,108.30557035371827,109.98310652189892,111.61623659102958,114.29323513312117,119.24802133411853,120.8396861770338,125.78857429116179,152.01254680924501,158.54536638395362,170.47132486331122,24.018534509832193,1.170469991071956,19.123022773609815,35.326052709013496,35.861539286539276,2.594224354214588,2.8319604517012396,1.6401219466856365,2.469817807045671,2.325940669922603,5.79435,0.0027,0.0,0.0,66.667,0.0,33.333,3.74236,135.52676,6,5.704,7.32345,0.0,48.555,51.445,4.67,-0.5641149442978212,6,16.5,8,36,3.8799736705094032,12.166532083168816,167.09985686678058,156.86266368839557,64.0,8.0,19.85816,20.56738,12,10,27.168,23.121,17.919,17.341
98746,1481,5,1481_5,958,5.43404,0.00021,5.43404,0.00021,23.816,5.43404,5205.81135,23.05168,23.05168,180.0,9,9,0.939,0.939,49.994120385740807,0.8445235281377117,0,2,4.802,6.785,180.0,180.0,180.0,180.0,180.0,180.0,180.0,180.0,180.0,180.0,0.10000000000002274,0.10000000000002274,0.10000000000002274,0.10000000000002274,0.10000000000002274,0.10000000000002274,0.10000000000002274,0.10000000000002274,0.10000000000002274,0.10000000000002274,5.43289,0.00089,9.524,14.286,14.286,4.762,57.143,0.05212,58.43272,24,2.103,12.52822,14.614000000000001,43.527999999999999,41.857999999999997,17.67,-0.5295452502045235,6,64.5,5,135,0.26455561327771354,32.665578035669938,629.78905460717874,829.61066079473403,31736.159999999996,178.14645660242584,29.57393,35.33835,5,3,7.933,11.795,2.923,2.088
98747,1481,50,1481_50,420,9.52334,0.0,9.52334,0.0,8.731,9.52334,3999.80091,22.75478,22.75478,168.69,8,12,1.905,2.857,62.167818915223144,1.4180639186155348,0,1,4.762,5.952,78.495184673738777,79.695153531243349,83.072781873993009,90.0,101.3099324740102,106.26020470829528,109.98310652190568,119.74488129696628,164.74488129695726,165.2113223858249,1.1045361017187405,0.09999999999990905,3.440930106817199,0.1999999999998181,0.2236067977497756,1.1180339887498847,1.170469991071908,0.14142135623726126,0.22360679775028403,1.1045361017186273,9.61707,7e-05,22.222,44.444,0.0,11.111,22.222,0.07369,73.57089,11,4.55,14.40232,16.667000000000002,39.524000000000001,43.810000000000002,21.0,-0.9423161644277807,3,91.333333333333329,29,211,18.345469768335192,19.82678132364941,1355.9211121745689,1320.2122328644932,405.5555555555556,20.138409955990955,26.90909,36.36364,2,2,7.857,8.333,1.905,3.095
98748,1481,51,1481_51,493,8.29131,-0.0,8.29131,-0.0,13.233,8.29131,4087.61444,19.77094,19.77094,180.0,13,12,2.637,2.434,44.779012422363287,1.1194681783913338,0,1,5.477,5.68,108.43494882294645,108.43494882294645,159.26129085247788,159.62356478615916,168.5034369824231,173.99099404250603,175.23635830927395,180.0,180.0,180.0,0.14142135623724117,0.14142135623724117,0.3162277660168388,1.2806248474865591,1.0770329614268501,0.8544003745317678,0.7615773105863909,0.6324555320336939,0.6324555320336939,0.6324555320336939,8.45105,0.00012,0.0,40.0,30.0,10.0,20.0,1.08431,55.32888,12,3.462,12.1858,14.199,46.652999999999999,39.148000000000003,6.0,-1.1137978657387635,5,65.400000000000006,34,108,27.788630599068178,14.199074230694704,249.38000134405655,805.30653586549226,331.0,18.193405398660254,38.06647,29.90937,1,1,7.911,9.736,2.434,1.826
98749,1481,52,1481_52,270,12.54074,-0.0,12.54074,-0.0,12.046,12.54074,3386.00035,24.39775,24.39775,173.606,7,5,2.593,1.852,61.203567013609657,2.5330042687434746,0,1,14.074,15.185,74.744881296939056,78.690067525964764,81.869897645837511,100.30484646875666,105.2551187030663,108.43494882295457,109.98310652190568,113.07041224982579,113.19859051367628,128.2544203525166,0.3162277660170177,1.0198039027186105,1.118033988749895,0.09999999999990905,1.1401754250992078,0.14142135623726126,0.09999999999990905,0.2236067977500298,0.14142135623726126,4.188078318274361,12.90047,0.00098,60.0,20.0,20.0,0.0,0.0,5.52066,35.40773,9,9.337,15.44363,0.0,54.073999999999998,45.926000000000002,12.0,-1.5173466049827624,2,106.0,85,127,25.483894073596382,26.32370771440403,458.09288531362131,1677.8647145170446,100.0,10.0,27.06422,22.93578,7,6,19.259,20.741,8.889,8.519
98750,1481,53,1481_53,396,9.09571,0.0,9.09571,0.0,14.566,9.09571,3601.90152,19.20026,19.20026,172.304,6,8,1.515,2.02,38.696553361807027,1.1037878529506853,0,2,2.525,1.768,110.77225468203416,116.56505117705194,116.56505117705845,122.47119229085669,136.84761026601615,142.12501634890629,148.39249775375279,158.6293777306488,166.60750224625133,167.00538320808724,0.6082762530297734,0.20000000000027285,0.3162277660168559,0.5830951894845067,0.608276253029736,0.7211102550928358,1.5264337522473606,0.8944271909996744,0.565685424949246,0.94339811320567,9.19374,0.00052,12.5,50.0,0.0,0.0,37.5,1.06446,21.13787,7,3.191,12.22238,25.253,37.878999999999998,36.869,20.0,-0.8280722076405012,4,71.5,57,104,10.223831768897318,13.155302395832241,175.70343522074978,888.06805508040384,172.66666666666666,13.140268896284683,39.17526,38.83162,2,2,4.04,4.545,1.515,1.263
98751,1481,54,1481_54,351,8.88461,0.00057,8.88461,0.00057,13.095,8.88461,3118.49834,22.10814,22.10814,161.565,11,8,3.134,2.279,49.178964351692898,1.7191495793464151,0,1,6.553,7.692,93.366460663427105,93.366460663491338,94.763641690722594,95.079607860021454,104.03624346798587,104.03624346799545,105.25511870305678,105.25511870305678,108.43494882292201,118.61045966596335,0.14142135623718088,1.2041594578794184,0.09999999999990905,0.3605551275464336,0.14142135623734164,0.14142135623734164,1.1401754250990384,1.1401754250990384,0.14142135623718088,1.2529964086141703,9.00207,0.00047,14.286,14.286,57.143,0.0,14.286,11.53427,62.30866,10,4.607,11.80259,2.8490000000000002,49.573,47.578000000000003,14.0,-1.2470217759718714,6,42.666666666666664,15,73,1.5643878417735946,9.7173123045286864,293.52217686086118,512.64140640023959,357.19999999999999,18.89973544788392,28.73563,26.81992,3,2,11.111,13.96,2.279,2.849
98752,1481,55,1481_55,595,5.57881,0.00048,5.57881,0.00048,21.913,5.57881,3319.39448,15.33884,15.33884,180.0,12,12,2.017,2.017,25.910243347118229,0.67562650365814092,0,1,2.185,2.857,135.00000000001629,139.96974072811005,143.1301023541447,146.30993247401994,146.30993247403021,157.38013505196957,167.4711922908584,168.69006752598946,178.85423716181117,180.0,0.5656854249492059,0.5099019513592773,0.424264068712025,0.22360679774997896,0.5,0.3605551275463863,0.4472135954998563,0.6708203932501403,0.7810249675905956,0.8999999999998636,5.663,0.00066,0.0,7.692,38.462,0.0,53.846,0.06217,23.2494,15,2.644,9.50885,21.849,40.0,38.151000000000003,13.5,-0.24389672519327166,5,65.200000000000003,18,177,4.3825648633878629,9.0662482722604008,612.99775425140263,626.3146270652768,2463.8367346938771,49.637050020059384,41.81818,36.36364,1,1,5.546,5.378,1.008,1.345
98753,1481,56,1481_56,286,3.50639,0.0,3.50639,0.0,18.801,3.50639,1002.82707,11.42366,11.42366,180.0,5,5,1.748,1.748,12.379226672080355,0.68167457475175397,0,0,4.895,6.643,90.0,90.000000000006523,95.102165252363577,108.43494882293014,109.4400348281743,129.35175262626476,131.63353933657132,140.61758059012681,148.67130713219629,166.26373169437741,0.10000000000002274,0.22360679774997896,1.0440306508910502,1.118033988749895,1.1401754250991305,1.216552506059644,1.20415945787922,0.58309518948453,1.2041594578792745,1.5231546211727816,3.60787,0.00074,0.0,0.0,0.0,33.333,66.667,0.04947,15.86956,13,2.279,6.45484,13.986000000000001,44.055999999999997,41.957999999999998,7.5,-0.27230945401785756,6,23.5,5,55,0.76077573145614652,5.6006937396190244,143.46104185325632,153.8430948624374,423.1875,20.571521577170707,29.16667,34.02778,0,0,6.993,10.839,1.399,1.748
98754,1481,57,1481_57,992,6.69273,0.00064,6.69273,0.00064,24.907,6.69273,6639.18331,18.42715,18.42715,180.0,13,15,1.31,1.512,37.017249115689545,0.45245979796859326,0,0,1.915,1.31,172.8749836510982,173.48019824834293,173.65980825409005,175.60129464500443,178.21008939176596,178.49256424122515,178.66778014613033,180.0,180.0,180.0,0.22360679774997877,0.8544003745317534,0.2828427124746186,0.5830951894845301,0.5000000000000909,0.41231056256176557,0.7071067811865475,0.09999999999999987,0.09999999999999987,0.09999999999999987,6.75629,0.00021,4.545,27.273,13.636,18.182,36.364,0.04207,18.87911,20,2.522,11.3416,29.234000000000002,36.289999999999999,34.475999999999999,17.0,-0.7542983803370316,6,93.333333333333329,7,220,0.083559501559544697,9.5871632557372362,896.00597769173601,1067.2242771910369,4567.984375,67.586865402976045,42.47788,38.76106,0,0,3.629,3.327,0.504,0.605
98755,1481,58,1481_58,232,13.93347,0.00096,13.93347,0.00096,8.783,13.93347,3232.56452,22.74951,22.74951,177.075,5,4,2.155,1.724,40.337656894848493,2.7460281967731404,1,3,9.914,11.207,46.548157698983673,53.424415343451912,54.732624179596094,63.43494882292201,71.175289981773403,73.559620478332818,76.328692867793166,76.328692867812705,86.820169880126755,91.218875235128792,0.6324555320338197,9.849365461794964,9.300537618869091,1.1999999999999318,0.4472135955000088,5.688585061331179,0.31622776601680197,1.2041594578792674,0.31622776601680197,1.1401754250991478,14.37301,0.00205,60.0,20.0,0.0,20.0,0.0,9.5609,32.58278,6,11.138,15.47504,4.3099999999999996,50.862000000000002,44.828000000000003,10.0,-0.5384423159373791,2,103.0,85,121,13.263736543582862,21.139762635325781,136.34064619670255,1609.1804723395912,0.0,0.0,31.73077,29.32692,4,4,12.931,15.948,8.19,7.328
98756,1481,59,1481_59,661,11.20939,-0.0,11.20939,-0.0,12.423,11.20939,7409.40434,28.71411,28.71411,180.0,15,9,2.269,1.362,92.410611972800069,0.92348881271370498,0,0,4.69,5.9,169.69515353123401,170.53767779193214,171.86989764584399,173.60560223477248,178.55587446906551,180.0,180.0,180.0,180.0,180.0,1.118033988749895,0.6082762530293435,0.22360679774957223,1.0440306508910548,1.044030650891042,0.19999999999999996,0.19999999999999996,0.19999999999999996,0.19999999999999996,0.19999999999999996,11.37921,0.00025,42.857,14.286,14.286,0.0,28.571,0.05211,56.96985,13,5.353,17.02985,16.640999999999998,46.142000000000003,37.216000000000001,17.75,-0.5152812835023284,4,106.75,42,233,17.294652967037003,45.559990552568181,1612.7067917571003,1837.7328736028589,2379.6875,48.782040752719645,36.11111,32.63889,2,0,6.657,9.077,2.118,2.572
98757,1481,6,1481_6,1100,9.9768,-0.0,9.9768,-0.0,6.312,9.9768,10974.47591,32.28932,32.28932,104.036,25,27,2.273,2.455,78.118054071116504,0.54018764608299041,0,2,3.636,3.273,69.44395478045729,75.963756532069681,75.96375653213228,78.690067525993157,79.330217195495905,82.874983651088186,82.874983651124268,82.874983651204431,82.874983651204431,90.000000000130271,2.416609194719163,0.28284271247436177,0.4242640687118642,0.28284271247436177,1.1661903789690133,1.140175425099098,1.1401754250996565,1.1401754250994571,1.1401754250994571,1.1313708498987332,10.05629,2e-05,25.0,12.5,20.833,4.167,37.5,0.00231,83.29726,22,3.928,11.88773,20.908999999999999,40.817999999999998,38.273000000000003,14.6,-0.19319672544313882,12,72.75,12,359,0.49894254510399244,60.902662818657568,1869.4165087660033,903.75177057074143,1477.734375,38.441310786704449,41.02285,38.62894,2,2,6.545,5.909,1.818,1.455
98758,1481,60,1481_60,182,6.90004,0.00626,6.90004,0.00626,22.182,6.90004,1255.80642,15.06287,15.06287,180.0,3,5,1.648,2.747,33.304843252243856,1.4916704510179439,0,1,6.044,9.341,111.80140948635631,118.02278184774342,118.61045966596564,135.0,135.0,135.0,142.12501634890381,149.03624346792554,180.0,180.0,1.2041594578792671,2.2803508501983156,1.2529964086141976,0.10000000000002274,0.10000000000002274,0.10000000000002274,0.10000000000002274,0.10000000000002274,0.10000000000002274,0.10000000000002274,7.13936,0.0008,0.0,50.0,0.0,0.0,50.0,0.2074,14.82743,6,4.189,10.20027,16.484000000000002,43.406999999999996,40.109999999999999,0.0,0,3,38.333333333333336,22,50,12.259937335186534,10.097853211079208,186.97072080500777,406.01733856951449,576.0,24.0,32.5,31.66667,2,1,9.341,13.736,2.198,1.648
98759,1481,61,1481_61,442,9.48085,0.00032,9.48085,0.00032,13.507,9.48085,4190.53585,37.07411,37.07411,180.0,8,9,1.81,2.036,45.7140199395919,6.376260788522699,0,10,9.502,9.729,108.94287682447579,113.49856567596196,120.44909807398847,146.17120204413271,153.43494882297415,169.75244555521471,173.45370921671187,175.27201218116113,180.0,180.0,22.740712389896682,1.2165525060596403,29.548942451465166,7.741446893184807,0.1000000000003638,10.630145812734671,1.1401754250989784,1.1704699910717526,0.09999999999990905,0.09999999999990905,9.56959,0.00048,22.222,33.333,11.111,0.0,33.333,2.50457,47.09615,9,5.503,12.3707,11.311999999999999,45.927999999999997,42.759999999999998,17.5,-0.4788242935861304,3,110.0,60,172,23.144589210669292,17.018940648216681,436.15132293653858,1381.5152005335506,281.55555555555554,16.779617264870957,31.25,29.7619,14,13,13.575,14.706,7.014,6.335
98760,1481,62,1481_62,530,8.02394,0.00215,8.02394,0.00215,12.889,8.02394,4252.68602,21.80573,21.80573,180.0,11,11,2.075,2.075,47.939566134014299,0.97269708260463528,0,1,3.019,4.528,116.56505117702588,119.74488129694323,129.80557109227158,152.65012421992964,153.43494882290898,168.69006752593967,171.86989764584243,172.87498365110221,180.0,180.0,1.2000000000002728,1.1401754250990384,0.14142135623782398,1.0198039027185213,0.31622776601676605,0.5099019513593499,0.22360679774996625,0.8062257748295729,0.14142135623718088,0.14142135623718088,8.1009,0.0006,18.182,18.182,27.273,0.0,36.364,0.02904,57.30521,14,3.192,11.92215,18.867999999999999,41.887,39.244999999999997,23.33,-0.3600420145352871,7,48.428571428571431,12,98,8.087270056765357,26.418970129414472,420.06759630700572,594.91662485286247,808.13888888888903,28.427783749157953,33.61823,35.04274,4,1,5.283,7.547,1.509,1.887
98761,1481,63,1481_63,293,7.80808,0.0041,7.80808,0.0041,14.683,7.80808,2287.76599,17.42871,17.42871,180.0,8,6,2.73,2.048,35.222052835010878,1.499977924987715,0,2,4.778,5.461,87.064326553579804,90.0,90.0,94.763641690727965,94.763641690727965,100.30484646876597,103.76078511183057,105.25511870305678,153.43494882293504,180.0,1.1045361017187212,1.099999999999909,1.099999999999909,1.2041594578790502,1.2041594578790502,1.1180339887499178,0.22360679774997896,0.1999999999999318,0.2236067977498773,0.20000000000004547,7.96283,0.00198,16.667,16.667,33.333,0.0,33.333,0.99896,16.11025,8,4.23,10.70456,6.8259999999999996,48.463999999999999,44.710000000000001,11.5,-0.7885748380424926,3,66.666666666666671,51,97,21.45112793848029,10.908768042929186,360.39511567420078,743.20524612132738,284.6875,16.872685026396955,36.66667,31.90476,2,2,8.532,10.922,2.048,2.048
98762,1481,64,1481_64,254,10.62917,0.00056,10.62917,0.00056,10.021,10.62917,2699.81021,35.15921,35.15921,180.0,3,6,1.181,2.362,52.484517550629292,10.277392462780048,0,6,9.843,8.268,58.322310371826759,60.422161318746262,63.434948822908986,74.744881296943973,79.173435974328768,100.30484646876863,103.65764250580958,108.43494882291633,123.69006752597814,168.50343698241238,11.027692415006868,0.31622776601680197,1.1000000000000227,1.1401754250990932,28.284624798642817,0.10000000000013642,1.3928388277184225,0.20000000000004547,0.5099019513592717,1.1180339887498694,10.74828,0.00016,20.0,60.0,0.0,0.0,20.0,3.11671,33.0536,8,6.693,14.17599,7.8739999999999997,43.307000000000002,48.819000000000003,0.0,0,1,188.0,188,188,20.32800528818721,20.32800528818721,0.0,2679.2619172253967,0.0,0.0,28.57143,34.92063,6,6,13.78,13.78,5.512,4.724
98763,1481,65,1481_65,430,8.14456,0.0026,8.14456,0.0026,10.04,8.14456,3502.15924,17.72005,17.72005,180.0,11,11,2.558,2.558,29.75331777970208,1.4110707281203612,0,1,7.209,7.674,83.990994042506998,88.152389734016097,90.0,99.462322208016815,99.462322208038813,100.30484646875666,100.30484646875666,104.70355182375651,105.2551187030663,165.01836742761108,1.208304597359452,1.2165525060596214,0.1999999999998181,1.216552506059659,0.1000000000003638,1.1180339887498847,1.1180339887498847,0.4123105625616358,1.1401754250992078,1.2165525060596543,8.25297,0.00036,0.0,22.222,55.556,11.111,11.111,4.73988,46.57015,14,5.142,10.38767,2.3260000000000001,51.859999999999999,45.814,0.0,0,5,66.0,37,92,3.6892299058874456,10.988136429278217,332.31759414024947,693.16081285024393,384.0,19.595917942265423,30.23952,29.34132,2,1,12.093,13.488,3.953,3.488
98764,1481,66,1481_66,331,8.47329,0.0,8.47329,0.0,10.821,8.47329,2804.66011,18.91798,18.91798,180.0,6,10,1.813,3.021,37.534265770373182,0.49452505924005113,0,0,0.302,0.604,90.0,90.000000000000014,104.03624346791115,104.03624346792647,126.8698976458336,134.99999999996743,135.00000000003257,148.91249467652003,161.56505117709096,165.96375653208884,0.5,0.42426406871192873,0.20000000000004547,0.5656854249492381,0.5000000000000455,0.28284271247452253,0.20000000000004547,0.806225774829855,0.31622776601676605,0.41231056256183224,8.72882,0.00023,14.286,14.286,42.857,0.0,28.571,1.82368,22.51993,7,3.116,11.77515,24.169,40.482999999999997,35.347000000000001,11.0,-0.7705882352941122,3,78.333333333333329,45,125,14.083931245332966,13.425052122427058,484.6311998552053,925.86713396801645,389.55555555555549,19.737161790783279,44.49153,37.28814,1,0,2.115,2.417,0.302,0.604
98765,1481,67,1481_67,443,9.24004,0.0,9.24004,0.0,9.509,9.24004,4093.33821,20.22301,20.22301,180.0,11,8,2.483,1.806,49.378728529114667,1.1723472037675435,0,1,3.386,4.515,78.690067525976659,79.992020198560411,82.874983651068149,82.874983651068149,82.874983651100706,82.874983651107101,82.874983651133277,89.999999999981668,139.60009566622944,179.99999879258175,1.081665382639096,0.2828427124746833,0.14142135623726126,0.14142135623726126,1.1401754250991478,0.28284271247464315,1.1401754250991478,1.1313708498984518,0.3605551275465124,1.0630145812734233,9.32517,3e-05,22.222,33.333,11.111,11.111,22.222,0.82118,48.26964,12,4.131,12.80201,6.7720000000000002,48.081000000000003,45.146999999999998,13.0,-0.2855475553808463,4,77.5,38,177,22.020354037524179,14.639474474310068,869.32606844504335,1008.6619446599815,230.80555555555554,15.192286054295961,35.75949,33.86076,1,1,6.546,7.675,1.354,1.129
98766,1481,68,1481_68,362,5.0287,0.00349,5.0287,0.00349,32.534,5.0287,1820.38853,43.9164,43.9164,180.0,3,3,0.829,0.829,41.489355159312503,22.032110631157735,0,12,13.536,13.536,165.96375653207278,169.4869438185286,170.81116392263905,171.35306829204831,173.18178542835051,173.34673661708857,175.98041751216712,178.74172272467752,180.0,180.0,0.10000000000002274,4.4777226354475985,1.1401754250991274,3.764306044943732,1.4212670403551764,10.845275469069465,1.0770329614269345,12.092973166264754,0.31622776601679525,0.31622776601679525,5.14799,0.00223,12.5,0.0,12.5,0.0,75.0,0.4304,133.20959,11,4.37,6.92116,2.762,49.448,47.789999999999999,4.0,-0.49918838334185617,8,24.0,5,73,15.78006995350797,1.4290655114763295,237.3664897632936,200.53217125626699,84.958677685950406,9.2173031677356914,30.24194,27.41935,16,15,18.785,17.68,9.669,9.392
98767,1481,69,1481_69,600,8.82465,0.00024,8.82465,0.00024,11.634,8.82465,5294.79014,18.96629,18.96629,176.186,11,13,1.833,2.167,26.545548144570716,1.3951874106695057,0,2,4.833,5.333,108.43494882294806,117.89727103090804,120.8608916883566,123.69006752597052,126.8698976458336,127.40535663140685,135.00000000002171,142.12501634889819,153.43494882292634,160.55996517182015,0.5656854249493666,1.3601470508733102,1.5811388300843263,0.22360679774991543,0.09999999999990905,2.140093455903278,0.4242640687117034,1.1401754250990384,0.09999999999990905,1.3416407864998738,8.85374,0.00015,0.0,38.462,30.769,7.692,23.077,0.2003,25.40649,17,5.08,10.46147,10.0,45.167000000000002,44.832999999999998,12.5,-0.5784281812372416,6,81.333333333333329,18,228,2.4103024042052903,10.457341518919858,852.35156423895239,870.9791223797032,330.6875,18.184815093918331,39.32136,34.93014,3,3,8.667,8.5,3.0,3.667
98768,1481,7,1481_7,413,9.91585,0.00271,9.91585,0.00271,11.744,9.91585,4095.24523,22.502,22.502,180.0,7,9,1.695,2.179,55.200776535381969,1.2054247627078858,0,0,7.022,7.99,100.30484646876813,100.30484646876813,106.26020470829738,113.55226367289428,124.69515353130954,165.86089168835088,165.96375653207659,168.6900675259898,180.0,180.0,0.10000000000013642,0.10000000000013642,0.2236067977497756,1.345362404707432,0.14142135623734164,1.1180339887498134,0.4123105625618543,0.5099019513592606,0.09999999999990905,0.09999999999990905,10.10435,0.0013,11.111,55.556,0.0,11.111,22.222,0.22222,90.0977,13,4.486,13.87096,2.4209999999999998,54.963999999999999,42.615000000000002,16.5,-0.9340602431414782,4,71.5,53,90,30.932566800908059,15.038119658254979,214.80720753502456,1011.726153360014,160.88888888888889,12.684198393626966,29.45205,30.13699,2,1,8.959,11.38,3.39,2.421
98769,1481,70,1481_70,393,3.89328,0.00036,3.89328,0.00036,7.28,3.89328,1530.06072,11.51086,11.51086,116.565,13,11,3.308,2.799,12.347477581939437,0.35589860199877782,0,0,0.254,0.254,53.130102354156392,57.994616791916869,66.801409486350437,71.56505117707637,74.054604099073458,77.471192290838147,89.99999999999838,90.0,101.3099324740196,104.03624346792839,0.5000000000000044,0.09999999999999432,0.5385164807134515,0.22360679774997896,0.0999999999999659,0.22360679774997896,0.22360679774997896,0.10000000000002274,0.5099019513592773,0.10000000000002274,3.9713,5e-05,0.0,0.0,12.5,25.0,62.5,0.24807,19.55815,12,2.27,6.45731,30.533999999999999,38.930999999999997,30.533999999999999,16.17,-0.2901684914785745,6,36.5,11,98,0.4273061341656359,2.9227335696122863,216.08049115128443,242.2124516414473,210.234375,14.499461196885903,46.05263,39.91228,0,0,0.763,1.272,0.0,0.0
98770,1481,71,1481_71,448,8.46572,0.001,8.46572,0.001,15.787,8.46572,3792.64251,34.84724,34.84724,180.0,4,9,0.893,2.009,39.542301039926414,2.7249418244473707,0,3,11.83,11.161,107.10272896906757,111.80140948635001,113.72839107595971,119.74488129705747,147.82878287145786,157.38013505196184,169.50852298767234,177.02626891751896,180.0,180.0,0.6708203932499878,1.2041594578790502,1.2806248474866833,2.280350850198545,1.2165525060599205,1.1401754250992027,1.1401754250992027,1.2041594578793335,0.20000000000004547,0.20000000000004547,8.56934,0.00132,22.222,11.111,33.333,11.111,22.222,0.56119,30.01382,12,4.834,10.65307,4.4640000000000004,47.991,47.545000000000002,6.75,-0.2908668539285349,5,64.799999999999997,5,178,0.18190836421650355,18.070425436109421,935.21564347947344,737.65460857700555,438.23999999999995,20.934182573007238,31.42857,26.0,5,3,16.741,17.634,6.473,6.027
98771,1481,72,1481_72,746,2.01073,0.00042,2.01073,0.00042,23.489,2.01073,1500.00473,15.26434,15.26434,180.0,3,4,0.402,0.536,17.430476119368087,0.50216858215446059,0,1,0.134,0.536,161.56505117707965,168.69006752597662,168.6900675259773,171.86989764584234,172.23483398157586,175.60129464500409,179.99999879258175,179.99999879258175,179.99999879258175,180.0,0.14142135623724117,0.14142135623732158,0.509901951359283,0.7071067811865677,1.0770329614268923,0.3162277660168559,0.14142135623732158,0.14142135623732158,0.14142135623732158,0.09999999999999432,1.95579,0.00061,0.0,6.25,0.0,12.5,81.25,0.01905,36.03963,20,0.694,9.54442,65.683999999999997,16.353999999999999,17.962,20.75,-0.10572286177483696,4,31.0,9,49,0.4066830472484434,7.2591324162781943,229.25396469616533,324.75511150344175,38030.0,195.01282009139808,37.14286,39.28571,1,1,0.938,1.475,0.134,0.268
98772,1481,73,1481_73,503,8.87939,0.00044,8.87939,0.00044,11.475,8.87939,4466.33201,17.71243,17.71243,180.0,5,11,0.994,2.187,27.52544035019227,1.1973531489451241,0,4,6.759,6.958,107.40270413134546,115.01689347810209,116.56505117708075,122.0053832080835,134.99999999996743,138.36646066343411,138.36646066343431,171.86989764578937,173.65980825409656,179.99999914622637,0.5830951894846237,0.28284271247460796,1.2649110640673944,1.3341664064126333,0.2828427124748441,1.702938636592627,1.2041594578792671,0.500000000000182,0.14142135623718088,0.42426406871192857,9.05017,0.00036,9.091,27.273,27.273,18.182,18.182,0.08909,19.03045,16,6.009,10.68231,11.928000000000001,44.731999999999999,43.340000000000003,8.0,-0.5776546527026353,5,81.599999999999994,5,161,0.74546857804906597,11.146406256099983,663.92537282726141,883.19177793767119,321.6875,17.935648859185441,35.74879,33.81643,6,4,11.332,12.525,3.976,3.579
98773,1481,74,1481_74,271,10.51281,0.04186,10.51281,0.04186,10.537,10.51281,2848.97228,45.01111,45.01111,158.794,4,4,1.476,1.476,82.575637066379201,15.82316210045229,0,7,8.118,7.749,74.054604099072677,78.69670855494455,82.874983651073649,89.999999999999332,90.0,93.653471137774829,102.4360671278156,105.18845697686844,153.43494882294806,154.47031424129,1.0295630140985808,13.713132391981077,1.1401754250990532,0.4242640687119044,0.10000000000002274,17.713836399831564,16.504847772699993,3.9000000000000212,0.22360679775023318,28.031589323475757,10.35668,0.02835,33.333,16.667,16.667,0.0,33.333,11.37012,74.55722,10,5.631,15.79266,22.140000000000001,40.959000000000003,36.899999999999999,26.0,-0.6933517927444617,2,82.5,74,91,45.560637466520191,22.036268073519889,51.167965175195718,1365.707939494418,16.0,4.0,34.07821,26.81564,10,8,11.07,11.439,5.904,5.535
98774,1481,75,1481_75,290,11.86381,0.00069,11.86381,0.00069,18.617,11.86381,3440.50538,46.32893,46.32893,177.868,4,7,1.379,2.414,61.048972612223892,19.955965143075378,0,6,15.172,13.793,120.96375653207352,123.69006752598607,142.58869416703595,143.76672352923248,169.69515353122046,172.91764617451034,173.02723071397025,174.90788487549386,175.04972776572026,175.23635830927813,0.1999999999999993,1.442220510185687,17.67059704707232,18.82790482236406,1.118033988749966,1.140175425099088,2.302172886644295,2.302172886644275,3.3541019662496794,5.699999999999989,12.22857,0.00429,33.333,33.333,16.667,0.0,16.667,3.82348,49.43185,9,9.88,13.05321,3.448,49.655000000000001,46.896999999999998,2.0,-0.9736102527122119,3,79.666666666666671,5,227,0.67560355214698309,39.609862379670219,1543.3203796533053,1108.7318185388363,3.5,1.8708286933869707,27.09924,22.1374,12,8,18.621,18.621,11.724,10.0
98775,1481,76,1481_76,366,8.56106,0.0029,8.56106,0.0029,16.075,8.56106,3133.34969,23.38568,23.38568,180.0,6,8,1.639,2.186,43.147870252003962,1.8487882781977443,0,2,9.836,10.383,101.30993247402033,102.9074086712739,104.03624346792584,104.85861444793312,106.55707137565223,114.44395478044999,166.62555953512165,171.86989764584973,177.27368900609395,179.99999879258175,0.14142135623730145,0.2236067977498773,1.2369316876853416,2.2671568097511314,1.2206555615733719,3.417601498127284,1.2041594578790313,0.31622776601680647,1.1661903789690609,0.2828427124746532,8.61847,0.0002,12.5,25.0,12.5,25.0,25.0,0.77618,43.48973,13,3.87,11.69944,2.7320000000000002,49.18,48.087000000000003,5.0,-0.51088750300025,4,62.0,21,109,17.2200767543737,16.031755480388952,334.00883296786554,762.56125930450116,52.204081632653057,7.225239209372452,28.51711,28.13688,6,2,12.842,14.481,4.918,6.284
98776,1481,77,1481_77,417,10.89176,0.00268,10.89176,0.00268,12.697,10.89176,4541.86207,20.71714,20.71714,180.0,8,9,1.918,2.158,47.884337211040652,1.5831306850099509,0,1,3.597,6.475,90.0,95.19442890775403,103.24051991518763,130.23635830926753,130.23635830938792,153.43494882293072,169.69515353121943,174.80557109224594,180.0,180.0,1.099999999999909,1.1045361017186686,1.1045361017187225,1.7029386365927202,1.2041594578795316,1.3416407865000772,1.118033988749854,1.099999999999909,0.29999999999972715,0.29999999999972715,10.97187,0.00161,33.333,22.222,22.222,11.111,11.111,0.24549,47.18097,9,4.403,14.34275,7.194,45.802999999999997,47.002000000000002,12.0,-1.35504126347327,3,104.0,52,192,10.570662327611066,17.592408257658327,884.58788107020507,1496.4264660251647,626.8888888888888,25.037749277618563,36.42173,37.0607,3,2,8.393,12.47,1.199,2.878
98777,1481,78,1481_78,313,10.46596,0.00045,10.46596,0.00045,9.51,10.46596,3275.84459,19.47563,19.47563,180.0,6,6,1.917,1.917,44.504603567896133,1.2201599800353644,0,1,3.834,5.431,73.300755765996811,79.695153531219901,79.695153531231369,87.310229676851236,91.00508600525437,95.194428907730014,95.19442890775376,106.26020470831229,164.05460409908395,171.86989764584274,1.0440306508911072,0.09999999999990905,1.1180339887498694,1.3341664064125915,0.5099019513592787,1.1045361017187405,0.20000000000027285,1.1180339887498962,0.20000000000027285,0.20000000000004547,10.72974,0.00095,16.667,50.0,33.333,0.0,0.0,2.54581,41.58598,9,6.535,12.98566,9.5850000000000009,46.326000000000001,44.088999999999999,13.33,-0.6473857173817354,4,61.0,5,161,8.4641552121713062,17.224220212457382,890.91560507317172,813.48278771444268,576.0,24.0,35.05976,30.67729,1,1,7.668,8.626,2.236,2.236
98778,1481,79,1481_79,504,6.33349,0.0,6.33349,0.0,20.328,6.33349,3192.0804,17.00618,17.00618,180.0,7,7,1.389,1.389,27.238733343096499,0.94057413031590908,0,0,8.333,9.325,154.23067237566084,161.56505117708448,164.05460409907471,165.64474101184851,169.69515353123293,171.86989764584408,172.30394827798202,175.60129464499761,178.15238973400255,180.0,1.1661903789690133,0.14142135623726126,0.20000000000004547,1.2806248474865414,1.1180339887500372,0.31622776601683794,1.1661903789690717,0.41231056256177706,0.5099019513593053,0.2999999999999545,6.40961,0.00117,0.0,27.273,18.182,18.182,36.364,0.24219,20.04268,13,3.5,9.40905,0.0,50.594999999999999,49.405000000000001,5.67,-0.20690282813195274,3,105.33333333333333,15,240,1.9169834116988227,13.168503764750238,1019.102309991693,1018.3204004108375,605.11111111111097,24.599006303326785,32.72171,30.58104,2,2,12.897,13.889,3.571,4.167
98779,1481,8,1481_8,731,13.34183,0.00083,13.34183,0.00083,6.301,13.34183,9752.87714,22.73785,22.73785,165.964,21,21,2.873,2.873,50.695292872269384,0.64725328533713511,0,2,1.094,1.368,78.690067525719243,78.69006752611007,81.869897646013385,90.0,93.366460663527718,108.43494882302622,111.80140948642369,113.4985656758908,126.8698976456825,151.92751306417767,0.360555127546071,0.14142135623750243,0.6324555320338197,0.5,0.31622776601698177,0.2236067977505891,0.5385164807137206,0.6082762530292688,0.14142135623750243,0.5830951894846237,13.48167,0.00047,43.75,25.0,18.75,6.25,6.25,0.28114,44.46784,14,6.728,15.3372,21.888000000000002,40.082000000000001,38.030000000000001,26.5,-0.4577910690957166,5,125.2,33,288,7.7371269552644168,12.635048843534447,1829.0640838564163,1942.264017859166,246.6875,15.706288549495072,45.11041,42.74448,3,2,3.01,3.01,0.684,0.41
98780,1481,80,1481_80,215,9.39559,0.00066,9.39559,0.00066,11.05,9.39559,2020.05127,22.26387,22.26387,168.69,3,4,1.395,1.86,60.307730266121162,2.8520857930916397,0,1,4.186,4.651,63.43494882292201,63.43494882292201,77.471192290847213,87.954591511116931,96.340191745870797,104.0362434679252,126.86989764584774,141.34019174591148,155.37643521383541,165.42578380196284,1.1000000000000227,1.1000000000000227,1.236931687685221,0.2236067977500298,1.2806248474865414,0.09999999999990905,0.2236067977500298,0.09999999999999432,1.2369316876853313,1.2529964086141432,9.43106,0.00015,25.0,25.0,25.0,25.0,0.0,12.96253,47.5189,6,2.75,13.79085,9.3019999999999996,43.720999999999997,46.976999999999997,8.5,-0.9689239627981604,2,72.0,70,74,25.742806431206223,22.823791141349851,127.00847816115163,999.83634189487123,576.0,24.0,33.7931,33.10345,1,1,9.302,9.302,1.395,1.86
98781,1481,81,1481_81,487,12.63664,0.0,12.63664,0.0,6.691,12.63664,6154.04338,22.24275,22.24275,180.0,13,12,2.669,2.464,41.056022844059477,2.2483092238437048,0,2,6.366,5.749,55.007979801448343,69.044223269390145,70.016893478094318,90.0,100.3048464687577,100.3048464687577,100.3048464687577,153.43494882292202,165.9637565320582,170.32173994685206,0.09999999999990905,1.220655561573266,1.170469991071908,0.09999999999990905,1.1180339887497728,1.1180339887497728,1.1180339887497728,0.2236067977497756,0.8246211251237747,1.1180339887497728,12.76447,0.00016,50.0,40.0,0.0,0.0,10.0,1.14643,57.71202,10,6.662,14.30311,4.1070000000000002,50.308,45.585000000000001,0.0,0,2,210.0,197,223,29.26736045768628,11.394284486395577,316.18770404266888,3061.4271121813536,0.0,0.0,38.22844,32.63403,3,2,8.83,10.883,4.312,2.464
98782,1481,82,1481_82,367,9.38769,0.003,9.38769,0.003,16.813,9.38769,3445.28052,25.70992,25.70992,180.0,2,6,0.545,1.635,58.041582020985061,2.0428545243544489,0,5,11.989,11.444,111.3706222693453,112.61986494804063,120.67728002179683,151.6450382146796,171.12583844295216,180.0,180.0,180.0,180.0,180.0,2.469817807045711,0.40000000000009095,1.345362404707432,1.2806248474865414,2.4351591323770783,0.3999999999996362,0.3999999999996362,0.3999999999996362,0.3999999999996362,0.3999999999996362,9.6308,0.00076,25.0,37.5,0.0,0.0,37.5,0.2529,54.10031,12,5.878,13.73514,5.4500000000000002,47.411000000000001,47.139000000000003,8.0,-0.17792992769811258,2,117.5,55,180,23.951769667132716,21.075140974328061,1036.8108992824239,1677.7881194368717,175.63265306122452,13.252647020924707,27.64228,28.86179,10,7,16.621,14.986,7.902,6.267
98783,1481,83,1481_83,597,9.91388,0.00017,9.91388,0.00017,10.757,9.91388,5918.58638,20.0771,20.0771,178.21,13,10,2.178,1.675,33.168299243269551,1.3189805699684041,0,4,9.213,8.208,97.125016348837661,97.125016348888778,97.125016348902804,101.30993247404527,110.55604521960242,110.55604521961871,118.72032679789569,126.86989764584271,134.99999999999184,165.96375653207656,1.1401754250992377,1.1401754250988787,0.14142135623718088,1.1401754250992377,1.2083045973595814,0.14142135623742205,1.300000000000042,0.14142135623718088,0.09999999999990905,1.1313708498984518,10.0621,0.00062,7.692,38.462,46.154,0.0,7.692,0.27139,43.68812,12,6.125,11.65696,3.3500000000000001,50.250999999999998,46.399000000000001,26.5,-0.5887391624578479,4,124.0,36,258,14.591041762000048,16.073056608053452,864.05386777051012,1464.379284822101,411.55555555555549,20.286832072937251,33.3996,26.04374,7,6,12.898,13.735,4.02,3.518
98784,1481,84,1481_84,244,7.25172,0.005,7.25172,0.005,19.073,7.25172,1769.41853,19.89271,19.89271,180.0,4,5,1.639,2.049,28.045781317175148,1.7476548917180736,0,3,7.377,7.787,110.55604521958391,112.61986494803965,126.08507304285075,127.56859202882605,135.0,139.18491612511764,141.34019174590753,177.27368900609312,180.0,180.0,1.208304597359478,1.300000000000042,1.1401754250990384,1.6401219466857264,1.4142135623730951,0.2236067977500298,1.2806248474866124,1.4142135623730951,0.10000000000002274,0.10000000000002274,7.37441,0.00075,0.0,20.0,40.0,0.0,40.0,0.27116,17.25286,5,4.974,9.93997,4.0979999999999999,45.491999999999997,50.409999999999997,5.0,-0.8236103742936847,2,85.5,10,161,0.1824439638247338,11.684405053657592,825.51959401724332,858.80105437609052,156.2222222222222,12.498888839501783,24.85549,34.10405,5,3,10.656,9.836,4.508,4.508
98785,1481,85,1481_85,322,10.81995,-0.0,10.81995,-0.0,14.472,10.81995,3484.02309,47.22171,47.22171,170.874,10,5,3.106,1.553,42.864668346186271,21.91324298511136,0,12,9.006,8.696,101.30993247403775,106.38954033405325,130.99743718982629,143.36417820863295,145.21498019587074,151.38954033402067,160.01689347809622,164.74488129695726,165.21132238584582,168.83674212268292,1.1401754250992078,0.14142135623726126,8.697700845625796,12.050726119201281,25.400196849630916,1.252996408614361,0.10000000000002274,1.2000000000000455,1.1704699910717526,47.22171110834506,10.97573,0.00042,14.286,57.143,14.286,0.0,14.286,0.19559,85.68391,12,8.459,13.07427,9.3170000000000002,50.0,40.683,0.0,0,1,264.0,264,264,22.765228707456263,22.765228707456263,0.0,3464.6820662226914,0.0,0.0,40.75472,28.67925,14,12,12.733,11.18,7.143,6.522
98786,1481,86,1481_86,339,11.67857,0.00667,11.67857,0.00667,8.333,11.67857,3959.03354,18.18928,18.18928,177.656,7,8,2.065,2.36,21.55988019293353,2.6824159722796721,0,4,8.85,8.555,56.35508280313838,75.699722550833016,78.690067525958071,80.811163922638457,93.875757303757325,95.710593137473836,106.79837178125085,110.07152586456712,133.4518423009747,137.72631099391484,2.2671568097507904,0.44721359549985623,3.4205262752972843,1.2083045973593745,3.8483762809787336,2.247220505424322,2.4758836806278315,0.22360679774997896,0.2236067977498773,1.1401754250990384,11.82444,0.00519,0.0,85.714,14.286,0.0,0.0,1.94831,29.45637,7,6.811,11.67857,0.0,50.442,49.558,3.0,-0.5108875030002282,3,104.0,62,149,20.147058392090525,10.039582856390467,463.2614203255709,1305.2207881443235,0,0,31.85841,33.03835,7,5,12.094,12.094,5.9,6.195
98787,1481,87,1481_87,467,5.75634,0.00068,5.75634,0.00068,20.292,5.75634,2688.21189,18.00555,18.00555,180.0,11,5,2.355,1.071,26.556128534452967,1.554272971871363,0,2,5.139,6.638,163.49563861824726,168.6900675259773,169.61114218452829,173.65980825408772,179.99999879258175,180.0,180.0,180.0,180.0,180.0,1.019803902718566,0.509901951359283,1.104536101718761,0.1999999999998181,1.1045361017187405,0.09999999999990905,0.09999999999990905,0.09999999999990905,0.09999999999990905,0.09999999999990905,5.73927,0.00032,0.0,20.0,20.0,10.0,50.0,0.24534,25.78776,14,4.026,7.97936,6.4240000000000004,49.465000000000003,44.110999999999997,10.0,-0.22624689052801644,7,43.0,12,116,1.5314363488098426,5.713157717759481,505.03572289815446,364.33195101958881,346.4375,18.612831595434372,40.0,33.53846,4,3,9.636,10.493,3.212,3.854
98788,1481,88,1481_88,467,9.09428,0.0,9.09428,0.0,10.043,9.09428,4247.02836,18.98894,18.98894,167.471,14,9,2.998,1.927,42.295050551126671,0.72088485390643653,0,2,1.499,1.285,102.52880770917756,104.03624346795714,104.03624346795714,116.56505117706497,116.56505117710405,123.6900675259798,125.31121343963318,158.96248897457818,161.56505117709102,164.74488129691818,0.41231056256185983,0.10000000000013642,0.10000000000013642,0.4472135955000088,0.3000000000001819,0.1,1.3152946437965896,0.9848857801796105,0.20000000000004547,0.8062257748297139,9.29208,7e-05,20.0,30.0,10.0,20.0,20.0,0.54084,37.57345,14,4.102,11.98818,29.978999999999999,37.901000000000003,32.119999999999997,19.0,-0.2269715730906248,6,57.0,5,152,0.032287019790666394,11.721452232413149,755.21074126284236,698.6978767108352,310.15999999999997,17.61135997020105,43.58974,36.18234,2,2,3.64,3.426,1.071,0.857
98789,1481,89,1481_89,422,10.01324,0.00034,10.01324,0.00034,10.517,10.01324,4225.58831,18.81701,18.81701,180.0,7,10,1.659,2.37,37.073151164420523,1.0311347702172011,0,1,5.45,5.924,93.814074834278827,93.814074834294971,93.814074834294971,115.55996517174566,131.63353933657382,159.77514056883274,161.565051177122,162.10812287080165,172.50414236025696,180.0,1.0630145812732896,1.0630145812736318,1.0630145812736318,1.1401754250990084,1.2041594578794184,0.31622776601684466,0.2236067977501315,1.1401754250991443,1.081665382639285,0.14142135623726126,10.16277,0.00083,22.222,33.333,33.333,0.0,11.111,0.89902,29.08786,10,4.894,11.93539,7.109,45.972000000000001,46.918999999999997,10.67,-0.5128694684679455,6,56.5,7,136,0.92806146611626483,10.970419857084163,704.24103088396191,697.33444337646245,576.0,24.0,34.375,35.79545,2,1,8.057,9.242,1.659,2.607
98790,1481,9,1481_9,324,8.40224,-0.0,8.40224,-0.0,14.67,8.40224,2722.32599,19.77397,19.77397,180.0,3,5,0.926,1.543,47.184079386565656,2.0658650278048407,0,5,11.111,11.111,104.81301362362044,105.25511870305678,115.01689347806699,115.01689347806699,116.56505117707849,121.59249156293657,157.61986494804063,174.89783474764056,180.0,180.0,7.8390050389064045,0.1999999999999318,1.1704699910718692,1.1704699910718692,0.14142135623734164,3.8470768123342465,1.2999999999999894,1.0770329614268923,0.09999999999990905,0.09999999999990905,8.58356,0.00047,14.286,14.286,42.857,0.0,28.571,0.05186,56.01683,11,4.954,12.08899,15.432,39.814999999999998,44.753,0.0,0,4,54.25,8,104,1.6875118950138388,17.049962237438532,531.9297520645714,672.40210782961753,272.25,16.5,22.42152,32.287,9,6,12.346,14.815,8.025,7.099
98791,1481,90,1481_90,658,12.29397,0.00355,12.29397,0.00355,14.12,12.29397,8089.431,38.91015,38.91015,180.0,9,6,1.368,0.912,42.615035480099614,3.8487592724536697,0,10,15.957,14.742,160.6123888131807,161.56505117707798,163.94101605126417,165.42578380195491,167.31961650818016,170.7273982228063,171.86989764582665,172.74680538727659,177.35745470593542,178.60281897270494,2.0808652046684517,0.1999999999998181,3.601388621073731,1.2369316876851657,2.308679276123096,1.2041594578790407,0.31622776601655034,1.1313708498987332,1.2083045973594584,1.5231546211728741,12.4135,0.00978,42.857,21.429,21.429,0.0,14.286,1.6648,70.8447,18,7.959,12.82602,0.0,49.543999999999997,50.456000000000003,0.0,0,7,78.428571428571431,7,239,1.2298798814981573,27.920614533815005,1184.7669521211581,1102.353300030934,6.8888888888888884,2.6246692913372702,26.23211,27.98092,20,16,19.909,19.453,11.398,10.638
98792,1481,91,1481_91,292,5.27256,0.00077,5.27256,0.00077,18.361,5.27256,1539.58692,15.50032,15.50032,180.0,6,5,2.055,1.712,26.342324578948389,1.5454687633200892,0,1,3.767,3.767,105.94539590091918,106.69924423399722,108.43494882292852,116.56505117707799,135.0,142.00126755749409,146.30993247403526,147.99461679191504,160.66519146217775,176.14319901441328,0.7280109889279676,1.4764823060233678,0.39999999999997726,0.2236067977500298,0.4242640687118642,0.9848857801795805,0.3000000000000682,0.9433981132056218,0.6403124237433416,1.208304597359478,5.24688,0.00096,0.0,16.667,33.333,0.0,50.0,0.64042,12.99274,4,2.394,9.13372,30.821999999999999,35.616,33.561999999999998,11.33,-0.28962083798521465,2,79.0,7,151,0.20323312249111311,10.704957368486463,718.23039705028327,738.91255305486686,258.6875,16.083765106466831,35.58282,34.96933,2,1,6.507,6.507,2.74,3.082
98793,1481,92,1481_92,692,7.69955,0.00029,7.69955,0.00029,13.535,7.69955,5328.08636,20.99143,20.99143,180.0,17,12,2.457,1.734,45.001054812354184,0.87199559092271373,0,0,3.757,5.491,151.52579638992566,161.25024236968889,161.56505117707798,161.56505117707812,168.6900675259898,171.86989764581281,176.63353933658806,177.273689006095,180.0,180.0,1.3038404810405295,1.0295630140987002,0.2236067977497756,0.4472135954999587,1.140175425099098,0.28284271247436177,0.7615773105862953,0.36055512754639024,0.10000000000002274,0.10000000000002274,7.80507,0.00018,0.0,26.667,40.0,6.667,26.667,0.09749,66.43271,19,3.423,11.05843,4.335,50.722999999999999,44.942,20.0,-0.48301047096474103,7,66.428571428571431,47,92,20.112725095662935,32.265674876353202,306.77714807315743,748.05928366028763,644.109375,25.379309978799661,34.31579,30.94737,2,0,6.647,8.237,1.879,2.168
98794,1481,93,1481_93,563,11.58247,0.00018,11.58247,0.00018,10.795,11.58247,6520.93195,27.09576,27.09576,180.0,19,19,3.375,3.375,68.351697543902006,0.90718431429146418,0,1,4.263,3.908,124.99202019855821,133.78112476486874,144.71325102494049,153.43494882301974,161.56505117703239,161.56505117707871,164.74488129694237,165.96375653208887,168.6900675259773,180.0,1.2206555615733636,0.824621125123536,1.9313207915828003,0.3162277660169997,0.3162277660161549,0.20000000000004547,1.6124515496597107,0.2000000000007276,0.509901951359283,0.2000000000007276,11.75236,0.00042,33.333,16.667,16.667,25.0,8.333,0.22998,93.02319,12,5.377,13.62955,5.3289999999999997,51.865000000000002,42.805999999999997,11.5,-0.6115078100498591,6,77.833333333333329,5,305,0.27961693764317341,45.349358868426307,1854.5033595313498,1079.5309742432416,774.0,27.820855486487112,43.48739,31.51261,4,1,7.46,7.105,2.309,2.487
98795,1481,94,1481_94,419,8.0551,0.00068,8.0551,0.00068,9.4,8.0551,3375.08883,15.16476,15.16476,132.647,5,5,1.193,1.193,19.812616728711021,0.83545863924331631,0,1,7.876,8.592,78.690067525914642,78.690067525914642,78.690067525973106,83.418055344813439,86.185925165647973,94.398705354991719,94.763641690721684,97.12501634883067,108.434948822921,120.96375653206971,1.0816653826390328,1.0816653826390328,1.081665382639222,1.1704699910720442,1.0630145812734606,0.2236067977497756,0.2236067977497756,0.14142135623734164,1.1401754250990583,1.1661903789690133,8.24171,0.00041,0.0,44.444,22.222,11.111,22.222,0.37312,11.7993,11,4.577,9.43723,11.933,45.106999999999999,42.959000000000003,5.0,-0.3879447935057211,2,171.5,13,330,1.0804004115494983,7.886093016834586,1618.9702961899466,1663.0959387399212,304.88888888888886,17.46106780494506,36.33803,37.1831,1,1,10.501,11.217,5.728,4.535
98796,1481,95,1481_95,345,11.54835,0.00082,11.54835,0.00082,12.034,11.54835,3984.18101,20.40025,20.40025,168.69,7,10,2.029,2.899,38.319334208435947,1.9160729636702241,0,1,9.565,9.855,78.690067526010694,78.896166563373527,85.815083874862538,85.887771155280717,94.064947307744063,94.184916125140219,97.125016348872492,112.61986494804063,118.95099520748083,153.43494882289596,2.16333076527857,0.6403124237433416,0.3605551275462602,1.140175425099113,1.20415945787922,0.3605551275463075,0.28284271247448234,1.2999999999999894,3.397057550292729,0.09999999999990905,11.70346,0.00242,14.286,71.429,0.0,0.0,14.286,7.57487,40.7802,10,7.035,12.42833,2.899,48.405999999999999,48.695999999999998,3.33,-0.4087100024001928,4,71.25,6,146,0.69133653236942594,15.798661232055194,676.25613731902683,977.89070708528561,16.0,4.0,31.66144,30.40752,4,2,13.043,16.812,6.087,5.217
98797,1481,96,1481_96,605,11.11432,0.0,11.11432,0.0,9.712,11.11432,6724.1641,22.2441,22.2441,180.0,15,13,2.479,2.149,43.541029661816502,1.2668182838125739,0,2,7.603,7.934,84.805571092292965,90.0,90.0,90.0,90.0,95.194428907707049,105.94539590092285,180.0,180.0,180.0,0.1999999999998181,1.2999999999999972,1.2999999999999972,1.2999999999999972,1.2999999999999972,0.0999999999994543,0.09999999999999964,0.0999999999994543,0.0999999999994543,0.0999999999994543,11.24619,0.00063,23.077,46.154,15.385,0.0,15.385,1.48565,42.69652,11,6.129,13.5584,4.9589999999999996,47.438000000000002,47.603000000000002,21.0,-0.8794440180535003,5,97.599999999999994,6,178,6.966221626807136,19.579781187789838,900.63210414369405,1333.6125412260121,476.1875,21.821720830401986,32.92683,34.7561,3,2,10.744,13.554,3.636,4.132
98798,1481,97,1481_97,657,7.91817,0.0,7.91817,0.0,11.711,7.91817,5202.239,18.95046,18.95046,180.0,16,14,2.435,2.131,39.040497579167649,0.60868203417520106,0,0,1.218,1.065,111.80140948635632,111.80140948637877,116.56505117712685,116.56505117715616,120.9637565319873,125.53767779195061,166.45206101201191,171.02737338511108,180.0,180.0,0.5385164807134672,0.09999999999990905,0.6324555320336399,0.22360679775018233,0.1414213562375828,0.14142135623742205,0.6082762530298295,0.6082762530298295,0.09999999999990905,0.09999999999990905,8.03338,0.0004,0.0,21.429,50.0,7.143,21.429,0.04378,60.21173,15,3.467,10.82559,19.786999999999999,40.030000000000001,40.183,20.25,-0.40867455373614836,6,78.5,15,144,8.8364539463356557,9.5386877061691457,513.41651381275619,854.26177054501466,534.25,23.11384866265244,39.66245,38.60759,2,0,2.435,2.74,0.457,0.304
98799,1481,98,1481_98,404,10.48767,0.00035,10.48767,0.00035,14.155,10.48767,4237.01781,22.83528,22.83528,180.0,10,9,2.475,2.228,49.660976655332774,1.960156260457413,0,1,7.673,7.178,97.125016348904481,101.30993247401987,124.99202019855871,127.87498365111324,144.46232220802543,161.565051177052,161.56505117708005,168.690067525985,175.53915174148739,179.99999914622637,0.14142135623731528,0.36055512754639657,0.09999999999999964,0.1000000000003638,1.166190378969057,0.22360679774997896,0.14142135623731653,1.0816653826394742,1.170469991071908,0.4242640687119264,10.62048,0.00066,12.5,62.5,12.5,0.0,12.5,9.70149,65.58676,8,5.964,13.32005,9.9009999999999998,47.030000000000001,43.069000000000003,7.5,-0.639809614026635,3,101.66666666666667,10,164,24.064083699553294,24.303297567777985,925.16439877480173,1394.594527492156,254.88888888888891,15.96524001977073,34.28571,30.15873,5,2,10.891,11.634,4.455,4.208
98800,1481,99,1481_99,497,7.52549,0.0,7.52549,0.0,11.874,7.52549,3740.16875,20.77932,20.77932,180.0,7,12,1.408,2.414,47.060575204377017,1.8318059427574906,0,4,7.243,6.841,108.43494882293014,113.62937773066541,114.56583857723888,126.25383773747714,138.36646066343968,140.88283571159693,173.65980825409036,175.81508387488475,178.85423716182584,180.0,1.118033988749895,2.4698178070457595,5.622277118748239,1.315294643796574,1.2041594578790527,13.908630414242808,0.6403124237432885,1.1401754250990308,0.6403124237432885,0.09999999999990905,7.62852,0.0,9.091,18.182,27.273,18.182,27.273,0.02685,42.505,13,4.067,11.8216,16.097000000000001,42.454999999999998,41.448999999999998,13.5,-0.8354416070079134,7,43.142857142857146,5,117,0.2982387174212372,21.55288501704651,506.78169495583961,522.95759602900807,500.33333333333331,22.368132093076824,26.6881,35.04823,11,5,10.865,12.475,4.829,3.219
